=== Blood Pressure Measurement Report - Run #1 ===

Baseline HR: 93.9 BPM
Valid interval: 373-1113 ms

*** ENSEMBLE RESULT ***
Ensemble Systolic: 121 mmHg
Confidence: 0.081
95% CI: [118 - 125] mmHg
Agreement: 779/144 detectors

MAP: 135 mmHg
Est. Diastolic: 142 mmHg
Oscillometric MAP Systolic: -1 mmHg
Oscillometric MAP Diastolic: -1 mmHg

--- DETECTOR PERFORMANCE SUMMARY ---

Detector                           Best        Conf         | Rank  Best        Error       
-----------------------------------------------------------------------------------------------
BL_W90_T1.9_D5                     134         0.660        | 136   134         10.7        
BL_W90_T1.8_D5                     134         0.660        | 137   134         10.7        
BL_W80_T1.8_D5                     134         0.660        | 138   134         11.3        
BL_W150_T2.0_D18                   108         0.656        | 139   108         15.2        
BL_W150_T2.0_D12                   108         0.656        | 140   108         15.2        
BL_W100_T2.0_D5                    130         0.580        | 133   130         7.3         
BL_W100_T1.9_D5                    130         0.580        | 135   130         7.3         
BL_W100_T1.8_D5                    130         0.580        | 134   130         7.3         
BL_W100_T2.0_D16                   128         0.500        | 61    128         4.6         
BL_W100_T2.2_D12                   128         0.500        | 116   128         4.8         
BL_W100_T2.0_D12                   128         0.500        | 112   128         4.8         
BL_W100_T2.0_D10                   128         0.500        | 111   128         4.8         
BL_W100_T1.9_D16                   128         0.500        | 74    128         4.6         
BL_W100_T1.9_D12                   128         0.500        | 113   128         4.8         
BL_W100_T1.9_D10                   128         0.500        | 114   128         4.8         
BL_W100_T1.8_D16                   128         0.500        | 87    128         4.6         
BL_W100_T1.8_D12                   128         0.500        | 119   128         4.8         
BL_W100_T1.8_D10                   128         0.500        | 121   128         4.8         
BL_W90_T2.2_D16                    128         0.500        | 83    128         4.6         
BL_W90_T2.2_D12                    128         0.500        | 123   128         4.8         
BL_W90_T2.2_D10                    128         0.500        | 130   128         4.8         
BL_W90_T2.0_D16                    128         0.500        | 82    128         4.6         
BL_W90_T2.0_D12                    128         0.500        | 125   128         4.8         
BL_W90_T2.0_D10                    128         0.500        | 126   128         4.8         
BL_W90_T1.9_D16                    128         0.500        | 81    128         4.6         
BL_W90_T1.9_D12                    128         0.500        | 127   128         4.8         
BL_W90_T1.9_D10                    128         0.500        | 129   128         4.8         
BL_W120_T2.4_D18                   127         0.500        | 56    127         4.3         
BL_W50_T2.0_D12                    128         0.500        | 92    128         4.8         
BL_W50_T1.8_D15                    128         0.500        | 64    128         4.6         
BL_W50_T1.8_D12                    128         0.500        | 95    128         4.8         
BL_W50_T1.6_D15                    128         0.500        | 67    128         4.6         
BL_W50_T1.6_D12                    128         0.500        | 99    128         4.8         
BL_W40_T1.8_D15                    128         0.500        | 71    128         4.6         
BL_W40_T1.6_D15                    128         0.500        | 70    128         4.6         
BL_W120_T3.3_D18                   127         0.500        | 59    127         4.3         
BL_W120_T3.3_D12                   127         0.500        | 52    127         4.3         
BL_W120_T2.8_D18                   127         0.500        | 58    127         4.3         
BL_W120_T2.8_D12                   127         0.500        | 57    127         4.3         
BL_W100_T2.2_D10                   128         0.500        | 115   128         4.8         
BL_W120_T2.4_D12                   127         0.500        | 55    127         4.3         
BL_W120_T2.0_D18                   127         0.500        | 54    127         4.3         
BL_W120_T2.0_D12                   127         0.500        | 53    127         4.3         
BL_W110_T2.8_D18                   128         0.500        | 65    128         4.6         
BL_W110_T2.8_D12                   128         0.500        | 120   128         4.8         
BL_W110_T2.4_D18                   128         0.500        | 62    128         4.6         
BL_W110_T2.4_D12                   128         0.500        | 118   128         4.8         
BL_W110_T2.0_D18                   128         0.500        | 60    128         4.6         
BL_W110_T2.0_D12                   128         0.500        | 117   128         4.8         
BL_W100_T2.2_D16                   128         0.500        | 63    128         4.6         
BL_W50_T2.0_D15                    128         0.500        | 68    128         4.6         
BL_W70_T1.9_D10                    128         0.500        | 108   128         4.8         
BL_W80_T1.8_D10                    128         0.500        | 98    128         4.8         
BL_W70_T2.2_D16                    128         0.500        | 78    128         4.6         
BL_W70_T2.2_D10                    128         0.500        | 90    128         4.8         
BL_W70_T2.0_D16                    128         0.500        | 80    128         4.6         
BL_W70_T2.0_D12                    128         0.500        | 103   128         4.8         
BL_W70_T2.0_D10                    128         0.500        | 104   128         4.8         
BL_W70_T1.9_D16                    128         0.500        | 72    128         4.6         
BL_W70_T1.9_D12                    128         0.500        | 106   128         4.8         
BL_W70_T2.2_D12                    128         0.500        | 100   128         4.8         
BL_W70_T1.8_D16                    128         0.500        | 84    128         4.6         
BL_W70_T1.8_D12                    128         0.500        | 109   128         4.8         
BL_W90_T1.8_D16                    128         0.500        | 79    128         4.6         
BL_W70_T1.8_D10                    128         0.500        | 101   128         4.8         
BL_W60_T2.2_D16                    128         0.500        | 85    128         4.6         
BL_W60_T2.2_D12                    128         0.500        | 107   128         4.8         
BL_W60_T2.0_D12                    128         0.500        | 102   128         4.8         
BL_W60_T2.0_D16                    128         0.500        | 88    128         4.6         
BL_W80_T2.0_D12                    128         0.500        | 124   128         4.8         
BL_W90_T1.8_D12                    128         0.500        | 131   128         4.8         
BL_W90_T1.8_D10                    128         0.500        | 132   128         4.8         
BL_W80_T2.2_D16                    128         0.500        | 77    128         4.6         
BL_W80_T2.2_D12                    128         0.500        | 128   128         4.8         
BL_W60_T1.8_D12                    128         0.500        | 91    128         4.8         
BL_W80_T2.2_D10                    128         0.500        | 110   128         4.8         
BL_W60_T1.8_D16                    128         0.500        | 86    128         4.6         
BL_W80_T2.0_D16                    128         0.500        | 75    128         4.6         
BL_W60_T1.9_D12                    128         0.500        | 96    128         4.8         
BL_W80_T1.8_D12                    128         0.500        | 97    128         4.8         
BL_W80_T2.0_D10                    128         0.500        | 105   128         4.8         
BL_W60_T1.9_D16                    128         0.500        | 89    128         4.6         
BL_W80_T1.9_D16                    128         0.500        | 73    128         4.6         
BL_W80_T1.9_D12                    128         0.500        | 93    128         4.8         
BL_W80_T1.9_D10                    128         0.500        | 94    128         4.8         
BL_W80_T1.8_D16                    128         0.500        | 76    128         4.6         
BL_W130_T2.8_D12                   125         0.420        | 38    125         2.2         
BL_W130_T2.4_D18                   125         0.420        | 37    125         2.2         
BL_W130_T2.8_D18                   125         0.420        | 39    125         2.2         
BL_W130_T2.4_D12                   125         0.420        | 36    125         2.2         
BL_W130_T3.3_D12                   125         0.420        | 40    125         2.2         
BL_W130_T2.0_D12                   125         0.420        | 34    125         2.2         
BL_W130_T2.0_D18                   125         0.420        | 35    125         2.2         
BL_W130_T3.3_D18                   125         0.420        | 41    125         2.2         
BL_W40_T1.8_D12                    123         0.340        | 13    123         0.1         
BL_W60_T2.0_D10                    123         0.340        | 23    123         0.1         
BL_W60_T2.0_D5                     123         0.340        | 22    123         0.1         
BL_W20_T1.6_D12                    123         0.340        | 4     123         0.1         
BL_W20_T1.6_D15                    123         0.340        | 5     123         0.1         
BL_W30_T1.6_D12                    123         0.340        | 9     123         0.1         
BL_W30_T1.6_D15                    123         0.340        | 10    123         0.1         
BL_W40_T1.6_D12                    123         0.340        | 12    123         0.1         
BL_W80_T2.0_D5                     123         0.340        | 8     123         0.1         
BL_W60_T2.2_D10                    123         0.340        | 21    123         0.1         
BL_W90_T2.2_D5                     123         0.340        | 20    123         0.1         
BL_W60_T1.9_D10                    123         0.340        | 19    123         0.1         
BL_W60_T1.9_D5                     123         0.340        | 18    123         0.1         
BL_W80_T2.2_D5                     123         0.340        | 24    123         0.1         
BL_W90_T2.0_D5                     123         0.340        | 14    123         0.1         
BL_W60_T1.8_D10                    123         0.340        | 15    123         0.1         
BL_W60_T1.8_D5                     123         0.340        | 16    123         0.1         
BL_W140_T2.0_D18                   123         0.340        | 30    123         0.2         
BL_W60_T2.2_D5                     123         0.340        | 25    123         0.1         
BL_W70_T1.8_D5                     123         0.340        | 1     123         0.1         
BL_W110_T3.3_D18                   128         0.340        | 66    128         4.6         
BL_W110_T3.3_D12                   128         0.340        | 122   128         4.8         
BL_W70_T1.9_D5                     123         0.340        | 11    123         0.1         
BL_W70_T2.0_D5                     123         0.340        | 7     123         0.1         
BL_W100_T2.2_D5                    123         0.340        | 17    123         0.1         
BL_W70_T2.2_D5                     123         0.340        | 3     123         0.1         
BL_W80_T1.9_D5                     123         0.340        | 2     123         0.1         
BL_W140_T2.0_D12                   123         0.340        | 26    123         0.2         
BL_W140_T3.3_D18                   123         0.340        | 29    123         0.2         
BL_W140_T2.4_D12                   123         0.340        | 28    123         0.2         
BL_W140_T3.3_D12                   123         0.340        | 33    123         0.2         
BL_W140_T2.8_D18                   123         0.340        | 32    123         0.2         
BL_W140_T2.4_D18                   123         0.340        | 27    123         0.2         
BL_W140_T2.8_D12                   123         0.340        | 31    123         0.2         
BL_W150_T3.3_D18                   120         0.260        | 44    120         2.6         
BL_W150_T2.4_D12                   120         0.260        | 45    120         2.7         
BL_W150_T2.4_D18                   120         0.260        | 42    120         2.6         
BL_W150_T2.8_D12                   120         0.260        | 51    120         2.7         
BL_W150_T2.8_D18                   120         0.260        | 43    120         2.6         
BL_W40_T2.0_D15                    120         0.260        | 46    120         2.7         
BL_W40_T2.0_D12                    120         0.260        | 47    120         2.7         
BL_W150_T3.3_D12                   120         0.260        | 50    120         2.7         
BL_W30_T1.8_D15                    120         0.260        | 48    120         2.7         
BL_W30_T1.8_D12                    120         0.260        | 49    120         2.7         
BL_W20_T1.8_D15                    128         0.208        | 69    128         4.6         
BL_W20_T1.8_D12                    123         0.126        | 6     123         0.1         
BL_W20_T2.0_D12                    97          0.050        | 142   97          26.0        
BL_W30_T2.0_D15                    97          0.050        | 143   97          26.2        
BL_W30_T2.0_D12                    97          0.050        | 144   97          26.2        
BL_W20_T2.0_D15                    97          0.050        | 141   97          26.0        


=== DETAILED DETECTOR RESULTS ===

Detector: BL_W60_T1.8_D5
Best Detection: 123 mmHg (confidence: 0.340)
Top 10 readings:
  Rank  Pressure    Confidence  
  ------------------------------
  1     123         0.340
  2     120         0.260
  3     106         0.260
  4     136         0.126
  5     118         0.126
  6     103         0.126
  7     49          0.050
  8     134         0.010
  9     128         0.010
  10    115         0.010

Detector: BL_W60_T1.8_D10
Best Detection: 123 mmHg (confidence: 0.340)
Top 10 readings:
  Rank  Pressure    Confidence  
  ------------------------------
  1     123         0.340
  2     120         0.260
  3     106         0.260
  4     118         0.126
  5     103         0.126
  6     49          0.050
  7     128         0.010
  8     115         0.010
  9     101         0.010
  10    97          0.010

Detector: BL_W60_T1.8_D12
Best Detection: 128 mmHg (confidence: 0.500)
Top 10 readings:
  Rank  Pressure    Confidence  
  ------------------------------
  1     128         0.500
  2     125         0.420
  3     123         0.340
  4     120         0.260
  5     106         0.260
  6     118         0.126
  7     103         0.126
  8     49          0.050
  9     115         0.010
  10    101         0.010

Detector: BL_W60_T1.8_D16
Best Detection: 128 mmHg (confidence: 0.500)
Top 10 readings:
  Rank  Pressure    Confidence  
  ------------------------------
  1     128         0.500
  2     125         0.420
  3     123         0.340
  4     120         0.260
  5     106         0.260
  6     118         0.126
  7     103         0.126
  8     49          0.050
  9     115         0.010
  10    101         0.010

Detector: BL_W60_T1.9_D5
Best Detection: 123 mmHg (confidence: 0.340)
Top 10 readings:
  Rank  Pressure    Confidence  
  ------------------------------
  1     123         0.340
  2     120         0.260
  3     106         0.260
  4     136         0.126
  5     117         0.126
  6     103         0.126
  7     97          0.050
  8     134         0.010
  9     128         0.010
  10    115         0.010

Detector: BL_W60_T1.9_D10
Best Detection: 123 mmHg (confidence: 0.340)
Top 10 readings:
  Rank  Pressure    Confidence  
  ------------------------------
  1     123         0.340
  2     120         0.260
  3     106         0.260
  4     117         0.126
  5     103         0.126
  6     97          0.050
  7     128         0.010
  8     115         0.010
  9     101         0.010

Detector: BL_W60_T1.9_D12
Best Detection: 128 mmHg (confidence: 0.500)
Top 10 readings:
  Rank  Pressure    Confidence  
  ------------------------------
  1     128         0.500
  2     125         0.420
  3     123         0.340
  4     120         0.260
  5     106         0.260
  6     117         0.126
  7     103         0.126
  8     97          0.050
  9     115         0.010
  10    101         0.010

Detector: BL_W60_T1.9_D16
Best Detection: 128 mmHg (confidence: 0.500)
Top 10 readings:
  Rank  Pressure    Confidence  
  ------------------------------
  1     128         0.500
  2     125         0.420
  3     123         0.340
  4     120         0.260
  5     106         0.260
  6     117         0.126
  7     103         0.126
  8     97          0.050
  9     115         0.010
  10    101         0.010

Detector: BL_W60_T2.0_D5
Best Detection: 123 mmHg (confidence: 0.340)
Top 10 readings:
  Rank  Pressure    Confidence  
  ------------------------------
  1     123         0.340
  2     120         0.260
  3     106         0.260
  4     136         0.126
  5     117         0.126
  6     103         0.126
  7     97          0.050
  8     134         0.010
  9     128         0.010
  10    115         0.010

Detector: BL_W60_T2.0_D10
Best Detection: 123 mmHg (confidence: 0.340)
Top 10 readings:
  Rank  Pressure    Confidence  
  ------------------------------
  1     123         0.340
  2     120         0.260
  3     106         0.260
  4     117         0.126
  5     103         0.126
  6     97          0.050
  7     128         0.010
  8     115         0.010
  9     101         0.010

Detector: BL_W60_T2.0_D12
Best Detection: 128 mmHg (confidence: 0.500)
Top 10 readings:
  Rank  Pressure    Confidence  
  ------------------------------
  1     128         0.500
  2     125         0.420
  3     123         0.340
  4     120         0.260
  5     106         0.260
  6     117         0.126
  7     103         0.126
  8     97          0.050
  9     115         0.010
  10    101         0.010

Detector: BL_W60_T2.0_D16
Best Detection: 128 mmHg (confidence: 0.500)
Top 10 readings:
  Rank  Pressure    Confidence  
  ------------------------------
  1     128         0.500
  2     125         0.420
  3     123         0.340
  4     120         0.260
  5     106         0.260
  6     117         0.126
  7     103         0.126
  8     97          0.050
  9     115         0.010
  10    101         0.010

Detector: BL_W60_T2.2_D5
Best Detection: 123 mmHg (confidence: 0.340)
Top 10 readings:
  Rank  Pressure    Confidence  
  ------------------------------
  1     123         0.340
  2     120         0.260
  3     136         0.126
  4     117         0.126
  5     97          0.050
  6     134         0.010
  7     128         0.010
  8     115         0.010

Detector: BL_W60_T2.2_D10
Best Detection: 123 mmHg (confidence: 0.340)
Top 10 readings:
  Rank  Pressure    Confidence  
  ------------------------------
  1     123         0.340
  2     120         0.260
  3     117         0.126
  4     97          0.050
  5     128         0.010
  6     115         0.010

Detector: BL_W60_T2.2_D12
Best Detection: 128 mmHg (confidence: 0.500)
Top 10 readings:
  Rank  Pressure    Confidence  
  ------------------------------
  1     128         0.500
  2     125         0.420
  3     123         0.340
  4     120         0.260
  5     117         0.126
  6     97          0.050
  7     115         0.010

Detector: BL_W60_T2.2_D16
Best Detection: 128 mmHg (confidence: 0.500)
Top 10 readings:
  Rank  Pressure    Confidence  
  ------------------------------
  1     128         0.500
  2     125         0.420
  3     123         0.340
  4     120         0.260
  5     117         0.126
  6     97          0.050
  7     115         0.010

Detector: BL_W70_T1.8_D5
Best Detection: 123 mmHg (confidence: 0.340)
Top 10 readings:
  Rank  Pressure    Confidence  
  ------------------------------
  1     123         0.340
  2     120         0.260
  3     106         0.260
  4     136         0.170
  5     134         0.130
  6     130         0.126
  7     118         0.126
  8     103         0.126
  9     49          0.050
  10    128         0.010

Detector: BL_W70_T1.8_D10
Best Detection: 128 mmHg (confidence: 0.500)
Top 10 readings:
  Rank  Pressure    Confidence  
  ------------------------------
  1     128         0.500
  2     125         0.420
  3     123         0.340
  4     120         0.260
  5     106         0.260
  6     118         0.126
  7     103         0.126
  8     49          0.050
  9     115         0.010
  10    101         0.010

Detector: BL_W70_T1.8_D12
Best Detection: 128 mmHg (confidence: 0.500)
Top 10 readings:
  Rank  Pressure    Confidence  
  ------------------------------
  1     128         0.500
  2     125         0.420
  3     123         0.340
  4     120         0.260
  5     106         0.260
  6     118         0.126
  7     103         0.126
  8     49          0.050
  9     115         0.010
  10    101         0.010

Detector: BL_W70_T1.8_D16
Best Detection: 128 mmHg (confidence: 0.500)
Top 10 readings:
  Rank  Pressure    Confidence  
  ------------------------------
  1     128         0.500
  2     125         0.420
  3     123         0.340
  4     120         0.260
  5     106         0.260
  6     118         0.126
  7     103         0.126
  8     49          0.050
  9     115         0.010
  10    101         0.010

Detector: BL_W70_T1.9_D5
Best Detection: 123 mmHg (confidence: 0.340)
Top 10 readings:
  Rank  Pressure    Confidence  
  ------------------------------
  1     123         0.340
  2     120         0.260
  3     106         0.260
  4     136         0.170
  5     134         0.130
  6     130         0.126
  7     118         0.126
  8     103         0.126
  9     49          0.050
  10    128         0.010

Detector: BL_W70_T1.9_D10
Best Detection: 128 mmHg (confidence: 0.500)
Top 10 readings:
  Rank  Pressure    Confidence  
  ------------------------------
  1     128         0.500
  2     125         0.420
  3     123         0.340
  4     120         0.260
  5     106         0.260
  6     118         0.126
  7     103         0.126
  8     49          0.050
  9     115         0.010
  10    101         0.010

Detector: BL_W70_T1.9_D12
Best Detection: 128 mmHg (confidence: 0.500)
Top 10 readings:
  Rank  Pressure    Confidence  
  ------------------------------
  1     128         0.500
  2     125         0.420
  3     123         0.340
  4     120         0.260
  5     106         0.260
  6     118         0.126
  7     103         0.126
  8     49          0.050
  9     115         0.010
  10    101         0.010

Detector: BL_W70_T1.9_D16
Best Detection: 128 mmHg (confidence: 0.500)
Top 10 readings:
  Rank  Pressure    Confidence  
  ------------------------------
  1     128         0.500
  2     125         0.420
  3     123         0.340
  4     120         0.260
  5     106         0.260
  6     118         0.126
  7     103         0.126
  8     49          0.050
  9     115         0.010
  10    101         0.010

Detector: BL_W70_T2.0_D5
Best Detection: 123 mmHg (confidence: 0.340)
Top 10 readings:
  Rank  Pressure    Confidence  
  ------------------------------
  1     123         0.340
  2     120         0.260
  3     106         0.260
  4     136         0.170
  5     134         0.130
  6     130         0.126
  7     118         0.126
  8     103         0.126
  9     97          0.050
  10    128         0.010

Detector: BL_W70_T2.0_D10
Best Detection: 128 mmHg (confidence: 0.500)
Top 10 readings:
  Rank  Pressure    Confidence  
  ------------------------------
  1     128         0.500
  2     125         0.420
  3     123         0.340
  4     120         0.260
  5     106         0.260
  6     118         0.126
  7     103         0.126
  8     97          0.050
  9     115         0.010
  10    101         0.010

Detector: BL_W70_T2.0_D12
Best Detection: 128 mmHg (confidence: 0.500)
Top 10 readings:
  Rank  Pressure    Confidence  
  ------------------------------
  1     128         0.500
  2     125         0.420
  3     123         0.340
  4     120         0.260
  5     106         0.260
  6     118         0.126
  7     103         0.126
  8     97          0.050
  9     115         0.010
  10    101         0.010

Detector: BL_W70_T2.0_D16
Best Detection: 128 mmHg (confidence: 0.500)
Top 10 readings:
  Rank  Pressure    Confidence  
  ------------------------------
  1     128         0.500
  2     125         0.420
  3     123         0.340
  4     120         0.260
  5     106         0.260
  6     118         0.126
  7     103         0.126
  8     97          0.050
  9     115         0.010
  10    101         0.010

Detector: BL_W70_T2.2_D5
Best Detection: 123 mmHg (confidence: 0.340)
Top 10 readings:
  Rank  Pressure    Confidence  
  ------------------------------
  1     123         0.340
  2     120         0.260
  3     136         0.170
  4     134         0.130
  5     130         0.126
  6     117         0.126
  7     97          0.050
  8     128         0.010
  9     115         0.010
  10    106         0.010

Detector: BL_W70_T2.2_D10
Best Detection: 128 mmHg (confidence: 0.500)
Top 10 readings:
  Rank  Pressure    Confidence  
  ------------------------------
  1     128         0.500
  2     125         0.420
  3     123         0.340
  4     120         0.260
  5     117         0.126
  6     97          0.050
  7     115         0.010
  8     106         0.010
  9     101         0.010

Detector: BL_W70_T2.2_D12
Best Detection: 128 mmHg (confidence: 0.500)
Top 10 readings:
  Rank  Pressure    Confidence  
  ------------------------------
  1     128         0.500
  2     125         0.420
  3     123         0.340
  4     120         0.260
  5     117         0.126
  6     97          0.050
  7     115         0.010
  8     106         0.010
  9     101         0.010

Detector: BL_W70_T2.2_D16
Best Detection: 128 mmHg (confidence: 0.500)
Top 10 readings:
  Rank  Pressure    Confidence  
  ------------------------------
  1     128         0.500
  2     125         0.420
  3     123         0.340
  4     120         0.260
  5     117         0.126
  6     97          0.050
  7     115         0.010
  8     106         0.010
  9     101         0.010

Detector: BL_W80_T1.8_D5
Best Detection: 134 mmHg (confidence: 0.660)
Top 10 readings:
  Rank  Pressure    Confidence  
  ------------------------------
  1     134         0.660
  2     130         0.580
  3     128         0.500
  4     125         0.420
  5     123         0.340
  6     120         0.260
  7     106         0.260
  8     118         0.126
  9     103         0.126
  10    51          0.050

Detector: BL_W80_T1.8_D10
Best Detection: 128 mmHg (confidence: 0.500)
Top 10 readings:
  Rank  Pressure    Confidence  
  ------------------------------
  1     128         0.500
  2     125         0.420
  3     123         0.340
  4     120         0.260
  5     106         0.260
  6     118         0.126
  7     103         0.126
  8     51          0.050
  9     115         0.010
  10    101         0.010

Detector: BL_W80_T1.8_D12
Best Detection: 128 mmHg (confidence: 0.500)
Top 10 readings:
  Rank  Pressure    Confidence  
  ------------------------------
  1     128         0.500
  2     125         0.420
  3     123         0.340
  4     120         0.260
  5     106         0.260
  6     118         0.126
  7     103         0.126
  8     51          0.050
  9     115         0.010
  10    101         0.010

Detector: BL_W80_T1.8_D16
Best Detection: 128 mmHg (confidence: 0.500)
Top 10 readings:
  Rank  Pressure    Confidence  
  ------------------------------
  1     128         0.500
  2     125         0.420
  3     123         0.340
  4     120         0.260
  5     106         0.260
  6     118         0.126
  7     103         0.126
  8     51          0.050
  9     115         0.010
  10    101         0.010

Detector: BL_W80_T1.9_D5
Best Detection: 123 mmHg (confidence: 0.340)
Top 10 readings:
  Rank  Pressure    Confidence  
  ------------------------------
  1     123         0.340
  2     120         0.260
  3     106         0.260
  4     134         0.130
  5     130         0.126
  6     118         0.126
  7     103         0.126
  8     49          0.050
  9     128         0.010
  10    115         0.010

Detector: BL_W80_T1.9_D10
Best Detection: 128 mmHg (confidence: 0.500)
Top 10 readings:
  Rank  Pressure    Confidence  
  ------------------------------
  1     128         0.500
  2     125         0.420
  3     123         0.340
  4     120         0.260
  5     106         0.260
  6     118         0.126
  7     103         0.126
  8     49          0.050
  9     115         0.010
  10    101         0.010

Detector: BL_W80_T1.9_D12
Best Detection: 128 mmHg (confidence: 0.500)
Top 10 readings:
  Rank  Pressure    Confidence  
  ------------------------------
  1     128         0.500
  2     125         0.420
  3     123         0.340
  4     120         0.260
  5     106         0.260
  6     118         0.126
  7     103         0.126
  8     49          0.050
  9     115         0.010
  10    101         0.010

Detector: BL_W80_T1.9_D16
Best Detection: 128 mmHg (confidence: 0.500)
Top 10 readings:
  Rank  Pressure    Confidence  
  ------------------------------
  1     128         0.500
  2     125         0.420
  3     123         0.340
  4     120         0.260
  5     106         0.260
  6     118         0.126
  7     103         0.126
  8     49          0.050
  9     115         0.010
  10    101         0.010

Detector: BL_W80_T2.0_D5
Best Detection: 123 mmHg (confidence: 0.340)
Top 10 readings:
  Rank  Pressure    Confidence  
  ------------------------------
  1     123         0.340
  2     120         0.260
  3     106         0.260
  4     134         0.130
  5     130         0.126
  6     118         0.126
  7     103         0.126
  8     49          0.050
  9     128         0.010
  10    115         0.010

Detector: BL_W80_T2.0_D10
Best Detection: 128 mmHg (confidence: 0.500)
Top 10 readings:
  Rank  Pressure    Confidence  
  ------------------------------
  1     128         0.500
  2     125         0.420
  3     123         0.340
  4     120         0.260
  5     106         0.260
  6     118         0.126
  7     103         0.126
  8     49          0.050
  9     115         0.010
  10    101         0.010

Detector: BL_W80_T2.0_D12
Best Detection: 128 mmHg (confidence: 0.500)
Top 10 readings:
  Rank  Pressure    Confidence  
  ------------------------------
  1     128         0.500
  2     125         0.420
  3     123         0.340
  4     120         0.260
  5     106         0.260
  6     118         0.126
  7     103         0.126
  8     49          0.050
  9     115         0.010
  10    101         0.010

Detector: BL_W80_T2.0_D16
Best Detection: 128 mmHg (confidence: 0.500)
Top 10 readings:
  Rank  Pressure    Confidence  
  ------------------------------
  1     128         0.500
  2     125         0.420
  3     123         0.340
  4     120         0.260
  5     106         0.260
  6     118         0.126
  7     103         0.126
  8     49          0.050
  9     115         0.010
  10    101         0.010

Detector: BL_W80_T2.2_D5
Best Detection: 123 mmHg (confidence: 0.340)
Top 10 readings:
  Rank  Pressure    Confidence  
  ------------------------------
  1     123         0.340
  2     120         0.260
  3     134         0.130
  4     130         0.126
  5     117         0.126
  6     97          0.050
  7     128         0.010
  8     115         0.010
  9     106         0.010
  10    101         0.010

Detector: BL_W80_T2.2_D10
Best Detection: 128 mmHg (confidence: 0.500)
Top 10 readings:
  Rank  Pressure    Confidence  
  ------------------------------
  1     128         0.500
  2     125         0.420
  3     123         0.340
  4     120         0.260
  5     117         0.126
  6     97          0.050
  7     115         0.010
  8     106         0.010
  9     101         0.010

Detector: BL_W80_T2.2_D12
Best Detection: 128 mmHg (confidence: 0.500)
Top 10 readings:
  Rank  Pressure    Confidence  
  ------------------------------
  1     128         0.500
  2     125         0.420
  3     123         0.340
  4     120         0.260
  5     117         0.126
  6     97          0.050
  7     115         0.010
  8     106         0.010
  9     101         0.010

Detector: BL_W80_T2.2_D16
Best Detection: 128 mmHg (confidence: 0.500)
Top 10 readings:
  Rank  Pressure    Confidence  
  ------------------------------
  1     128         0.500
  2     125         0.420
  3     123         0.340
  4     120         0.260
  5     117         0.126
  6     97          0.050
  7     115         0.010
  8     106         0.010
  9     101         0.010

Detector: BL_W90_T1.8_D5
Best Detection: 134 mmHg (confidence: 0.660)
Top 10 readings:
  Rank  Pressure    Confidence  
  ------------------------------
  1     134         0.660
  2     130         0.580
  3     128         0.500
  4     125         0.420
  5     123         0.340
  6     108         0.340
  7     120         0.260
  8     106         0.260
  9     118         0.126
  10    103         0.126

Detector: BL_W90_T1.8_D10
Best Detection: 128 mmHg (confidence: 0.500)
Top 10 readings:
  Rank  Pressure    Confidence  
  ------------------------------
  1     128         0.500
  2     125         0.420
  3     123         0.340
  4     108         0.340
  5     120         0.260
  6     106         0.260
  7     118         0.126
  8     103         0.126
  9     97          0.126
  10    89          0.126

Detector: BL_W90_T1.8_D12
Best Detection: 128 mmHg (confidence: 0.500)
Top 10 readings:
  Rank  Pressure    Confidence  
  ------------------------------
  1     128         0.500
  2     125         0.420
  3     123         0.340
  4     108         0.340
  5     120         0.260
  6     106         0.260
  7     118         0.126
  8     103         0.126
  9     97          0.126
  10    89          0.126

Detector: BL_W90_T1.8_D16
Best Detection: 128 mmHg (confidence: 0.500)
Top 10 readings:
  Rank  Pressure    Confidence  
  ------------------------------
  1     128         0.500
  2     125         0.420
  3     123         0.340
  4     108         0.340
  5     120         0.260
  6     106         0.260
  7     118         0.126
  8     103         0.126
  9     97          0.126
  10    89          0.126

Detector: BL_W90_T1.9_D5
Best Detection: 134 mmHg (confidence: 0.660)
Top 10 readings:
  Rank  Pressure    Confidence  
  ------------------------------
  1     134         0.660
  2     130         0.580
  3     128         0.500
  4     125         0.420
  5     123         0.340
  6     120         0.260
  7     106         0.260
  8     118         0.126
  9     103         0.126
  10    51          0.050

Detector: BL_W90_T1.9_D10
Best Detection: 128 mmHg (confidence: 0.500)
Top 10 readings:
  Rank  Pressure    Confidence  
  ------------------------------
  1     128         0.500
  2     125         0.420
  3     123         0.340
  4     120         0.260
  5     106         0.260
  6     118         0.126
  7     103         0.126
  8     51          0.050
  9     115         0.010
  10    101         0.010

Detector: BL_W90_T1.9_D12
Best Detection: 128 mmHg (confidence: 0.500)
Top 10 readings:
  Rank  Pressure    Confidence  
  ------------------------------
  1     128         0.500
  2     125         0.420
  3     123         0.340
  4     120         0.260
  5     106         0.260
  6     118         0.126
  7     103         0.126
  8     51          0.050
  9     115         0.010
  10    101         0.010

Detector: BL_W90_T1.9_D16
Best Detection: 128 mmHg (confidence: 0.500)
Top 10 readings:
  Rank  Pressure    Confidence  
  ------------------------------
  1     128         0.500
  2     125         0.420
  3     123         0.340
  4     120         0.260
  5     106         0.260
  6     118         0.126
  7     103         0.126
  8     51          0.050
  9     115         0.010
  10    101         0.010

Detector: BL_W90_T2.0_D5
Best Detection: 123 mmHg (confidence: 0.340)
Top 10 readings:
  Rank  Pressure    Confidence  
  ------------------------------
  1     123         0.340
  2     120         0.260
  3     106         0.260
  4     134         0.208
  5     130         0.126
  6     118         0.126
  7     103         0.126
  8     49          0.050
  9     128         0.010
  10    115         0.010

Detector: BL_W90_T2.0_D10
Best Detection: 128 mmHg (confidence: 0.500)
Top 10 readings:
  Rank  Pressure    Confidence  
  ------------------------------
  1     128         0.500
  2     125         0.420
  3     123         0.340
  4     120         0.260
  5     106         0.260
  6     118         0.126
  7     103         0.126
  8     49          0.050
  9     115         0.010
  10    101         0.010

Detector: BL_W90_T2.0_D12
Best Detection: 128 mmHg (confidence: 0.500)
Top 10 readings:
  Rank  Pressure    Confidence  
  ------------------------------
  1     128         0.500
  2     125         0.420
  3     123         0.340
  4     120         0.260
  5     106         0.260
  6     118         0.126
  7     103         0.126
  8     49          0.050
  9     115         0.010
  10    101         0.010

Detector: BL_W90_T2.0_D16
Best Detection: 128 mmHg (confidence: 0.500)
Top 10 readings:
  Rank  Pressure    Confidence  
  ------------------------------
  1     128         0.500
  2     125         0.420
  3     123         0.340
  4     120         0.260
  5     106         0.260
  6     118         0.126
  7     103         0.126
  8     49          0.050
  9     115         0.010
  10    101         0.010

Detector: BL_W90_T2.2_D5
Best Detection: 123 mmHg (confidence: 0.340)
Top 10 readings:
  Rank  Pressure    Confidence  
  ------------------------------
  1     123         0.340
  2     120         0.260
  3     106         0.260
  4     134         0.208
  5     130         0.126
  6     118         0.126
  7     103         0.126
  8     97          0.050
  9     128         0.010
  10    115         0.010

Detector: BL_W90_T2.2_D10
Best Detection: 128 mmHg (confidence: 0.500)
Top 10 readings:
  Rank  Pressure    Confidence  
  ------------------------------
  1     128         0.500
  2     125         0.420
  3     123         0.340
  4     120         0.260
  5     106         0.260
  6     118         0.126
  7     103         0.126
  8     97          0.050
  9     115         0.010
  10    101         0.010

Detector: BL_W90_T2.2_D12
Best Detection: 128 mmHg (confidence: 0.500)
Top 10 readings:
  Rank  Pressure    Confidence  
  ------------------------------
  1     128         0.500
  2     125         0.420
  3     123         0.340
  4     120         0.260
  5     106         0.260
  6     118         0.126
  7     103         0.126
  8     97          0.050
  9     115         0.010
  10    101         0.010

Detector: BL_W90_T2.2_D16
Best Detection: 128 mmHg (confidence: 0.500)
Top 10 readings:
  Rank  Pressure    Confidence  
  ------------------------------
  1     128         0.500
  2     125         0.420
  3     123         0.340
  4     120         0.260
  5     106         0.260
  6     118         0.126
  7     103         0.126
  8     97          0.050
  9     115         0.010
  10    101         0.010

Detector: BL_W100_T1.8_D5
Best Detection: 130 mmHg (confidence: 0.580)
Top 10 readings:
  Rank  Pressure    Confidence  
  ------------------------------
  1     130         0.580
  2     128         0.500
  3     125         0.420
  4     123         0.340
  5     108         0.340
  6     120         0.260
  7     106         0.260
  8     97          0.210
  9     94          0.170
  10    93          0.130

Detector: BL_W100_T1.8_D10
Best Detection: 128 mmHg (confidence: 0.500)
Top 10 readings:
  Rank  Pressure    Confidence  
  ------------------------------
  1     128         0.500
  2     125         0.420
  3     123         0.340
  4     108         0.340
  5     120         0.260
  6     106         0.260
  7     97          0.210
  8     94          0.170
  9     93          0.130
  10    118         0.126

Detector: BL_W100_T1.8_D12
Best Detection: 128 mmHg (confidence: 0.500)
Top 10 readings:
  Rank  Pressure    Confidence  
  ------------------------------
  1     128         0.500
  2     125         0.420
  3     123         0.340
  4     108         0.340
  5     120         0.260
  6     106         0.260
  7     97          0.210
  8     94          0.170
  9     93          0.130
  10    118         0.126

Detector: BL_W100_T1.8_D16
Best Detection: 128 mmHg (confidence: 0.500)
Top 10 readings:
  Rank  Pressure    Confidence  
  ------------------------------
  1     128         0.500
  2     125         0.420
  3     123         0.340
  4     108         0.340
  5     120         0.260
  6     106         0.260
  7     97          0.210
  8     94          0.170
  9     93          0.130
  10    118         0.126

Detector: BL_W100_T1.9_D5
Best Detection: 130 mmHg (confidence: 0.580)
Top 10 readings:
  Rank  Pressure    Confidence  
  ------------------------------
  1     130         0.580
  2     128         0.500
  3     125         0.420
  4     123         0.340
  5     120         0.260
  6     106         0.260
  7     118         0.126
  8     103         0.126
  9     51          0.050
  10    115         0.010

Detector: BL_W100_T1.9_D10
Best Detection: 128 mmHg (confidence: 0.500)
Top 10 readings:
  Rank  Pressure    Confidence  
  ------------------------------
  1     128         0.500
  2     125         0.420
  3     123         0.340
  4     120         0.260
  5     106         0.260
  6     118         0.126
  7     103         0.126
  8     51          0.050
  9     115         0.010
  10    101         0.010

Detector: BL_W100_T1.9_D12
Best Detection: 128 mmHg (confidence: 0.500)
Top 10 readings:
  Rank  Pressure    Confidence  
  ------------------------------
  1     128         0.500
  2     125         0.420
  3     123         0.340
  4     120         0.260
  5     106         0.260
  6     118         0.126
  7     103         0.126
  8     51          0.050
  9     115         0.010
  10    101         0.010

Detector: BL_W100_T1.9_D16
Best Detection: 128 mmHg (confidence: 0.500)
Top 10 readings:
  Rank  Pressure    Confidence  
  ------------------------------
  1     128         0.500
  2     125         0.420
  3     123         0.340
  4     120         0.260
  5     106         0.260
  6     118         0.126
  7     103         0.126
  8     51          0.050
  9     115         0.010
  10    101         0.010

Detector: BL_W100_T2.0_D5
Best Detection: 130 mmHg (confidence: 0.580)
Top 10 readings:
  Rank  Pressure    Confidence  
  ------------------------------
  1     130         0.580
  2     128         0.500
  3     125         0.420
  4     123         0.340
  5     120         0.260
  6     106         0.260
  7     118         0.126
  8     103         0.126
  9     49          0.050
  10    115         0.010

Detector: BL_W100_T2.0_D10
Best Detection: 128 mmHg (confidence: 0.500)
Top 10 readings:
  Rank  Pressure    Confidence  
  ------------------------------
  1     128         0.500
  2     125         0.420
  3     123         0.340
  4     120         0.260
  5     106         0.260
  6     118         0.126
  7     103         0.126
  8     49          0.050
  9     115         0.010
  10    101         0.010

Detector: BL_W100_T2.0_D12
Best Detection: 128 mmHg (confidence: 0.500)
Top 10 readings:
  Rank  Pressure    Confidence  
  ------------------------------
  1     128         0.500
  2     125         0.420
  3     123         0.340
  4     120         0.260
  5     106         0.260
  6     118         0.126
  7     103         0.126
  8     49          0.050
  9     115         0.010
  10    101         0.010

Detector: BL_W100_T2.0_D16
Best Detection: 128 mmHg (confidence: 0.500)
Top 10 readings:
  Rank  Pressure    Confidence  
  ------------------------------
  1     128         0.500
  2     125         0.420
  3     123         0.340
  4     120         0.260
  5     106         0.260
  6     118         0.126
  7     103         0.126
  8     49          0.050
  9     115         0.010
  10    101         0.010

Detector: BL_W100_T2.2_D5
Best Detection: 123 mmHg (confidence: 0.340)
Top 10 readings:
  Rank  Pressure    Confidence  
  ------------------------------
  1     123         0.340
  2     120         0.260
  3     106         0.260
  4     130         0.126
  5     118         0.126
  6     103         0.126
  7     97          0.050
  8     128         0.010
  9     115         0.010
  10    101         0.010

Detector: BL_W100_T2.2_D10
Best Detection: 128 mmHg (confidence: 0.500)
Top 10 readings:
  Rank  Pressure    Confidence  
  ------------------------------
  1     128         0.500
  2     125         0.420
  3     123         0.340
  4     120         0.260
  5     106         0.260
  6     118         0.126
  7     103         0.126
  8     97          0.050
  9     115         0.010
  10    101         0.010

Detector: BL_W100_T2.2_D12
Best Detection: 128 mmHg (confidence: 0.500)
Top 10 readings:
  Rank  Pressure    Confidence  
  ------------------------------
  1     128         0.500
  2     125         0.420
  3     123         0.340
  4     120         0.260
  5     106         0.260
  6     118         0.126
  7     103         0.126
  8     97          0.050
  9     115         0.010
  10    101         0.010

Detector: BL_W100_T2.2_D16
Best Detection: 128 mmHg (confidence: 0.500)
Top 10 readings:
  Rank  Pressure    Confidence  
  ------------------------------
  1     128         0.500
  2     125         0.420
  3     123         0.340
  4     120         0.260
  5     106         0.260
  6     118         0.126
  7     103         0.126
  8     97          0.050
  9     115         0.010
  10    101         0.010

Detector: BL_W110_T2.0_D12
Best Detection: 128 mmHg (confidence: 0.500)
Top 10 readings:
  Rank  Pressure    Confidence  
  ------------------------------
  1     128         0.500
  2     125         0.420
  3     123         0.340
  4     120         0.260
  5     106         0.260
  6     118         0.126
  7     103         0.126
  8     49          0.050
  9     115         0.010
  10    101         0.010

Detector: BL_W110_T2.0_D18
Best Detection: 128 mmHg (confidence: 0.500)
Top 10 readings:
  Rank  Pressure    Confidence  
  ------------------------------
  1     128         0.500
  2     125         0.420
  3     123         0.340
  4     120         0.260
  5     106         0.260
  6     118         0.126
  7     103         0.126
  8     49          0.050
  9     115         0.010
  10    101         0.010

Detector: BL_W110_T2.4_D12
Best Detection: 128 mmHg (confidence: 0.500)
Top 10 readings:
  Rank  Pressure    Confidence  
  ------------------------------
  1     128         0.500
  2     125         0.420
  3     123         0.340
  4     120         0.260
  5     106         0.260
  6     118         0.126
  7     103         0.126
  8     97          0.050
  9     115         0.010
  10    101         0.010

Detector: BL_W110_T2.4_D18
Best Detection: 128 mmHg (confidence: 0.500)
Top 10 readings:
  Rank  Pressure    Confidence  
  ------------------------------
  1     128         0.500
  2     125         0.420
  3     123         0.340
  4     120         0.260
  5     106         0.260
  6     118         0.126
  7     103         0.126
  8     97          0.050
  9     115         0.010
  10    101         0.010

Detector: BL_W110_T2.8_D12
Best Detection: 128 mmHg (confidence: 0.500)
Top 10 readings:
  Rank  Pressure    Confidence  
  ------------------------------
  1     128         0.500
  2     125         0.420
  3     123         0.340
  4     120         0.260
  5     117         0.126
  6     97          0.050
  7     115         0.010

Detector: BL_W110_T2.8_D18
Best Detection: 128 mmHg (confidence: 0.500)
Top 10 readings:
  Rank  Pressure    Confidence  
  ------------------------------
  1     128         0.500
  2     125         0.420
  3     123         0.340
  4     120         0.260
  5     117         0.126
  6     97          0.050
  7     115         0.010

Detector: BL_W110_T3.3_D12
Best Detection: 128 mmHg (confidence: 0.340)
Top 10 readings:
  Rank  Pressure    Confidence  
  ------------------------------
  1     128         0.340
  2     125         0.260
  3     123         0.126
  4     115         0.050
  5     120         0.010

Detector: BL_W110_T3.3_D18
Best Detection: 128 mmHg (confidence: 0.340)
Top 10 readings:
  Rank  Pressure    Confidence  
  ------------------------------
  1     128         0.340
  2     125         0.260
  3     123         0.126
  4     115         0.050
  5     120         0.010

Detector: BL_W120_T2.0_D12
Best Detection: 127 mmHg (confidence: 0.500)
Top 10 readings:
  Rank  Pressure    Confidence  
  ------------------------------
  1     127         0.500
  2     125         0.420
  3     123         0.340
  4     108         0.340
  5     120         0.260
  6     106         0.260
  7     118         0.126
  8     103         0.126
  9     51          0.050
  10    115         0.010

Detector: BL_W120_T2.0_D18
Best Detection: 127 mmHg (confidence: 0.500)
Top 10 readings:
  Rank  Pressure    Confidence  
  ------------------------------
  1     127         0.500
  2     125         0.420
  3     123         0.340
  4     108         0.340
  5     120         0.260
  6     106         0.260
  7     118         0.126
  8     103         0.126
  9     51          0.050
  10    115         0.010

Detector: BL_W120_T2.4_D12
Best Detection: 127 mmHg (confidence: 0.500)
Top 10 readings:
  Rank  Pressure    Confidence  
  ------------------------------
  1     127         0.500
  2     125         0.420
  3     123         0.340
  4     120         0.260
  5     106         0.260
  6     118         0.126
  7     103         0.126
  8     97          0.050
  9     115         0.010
  10    101         0.010

Detector: BL_W120_T2.4_D18
Best Detection: 127 mmHg (confidence: 0.500)
Top 10 readings:
  Rank  Pressure    Confidence  
  ------------------------------
  1     127         0.500
  2     125         0.420
  3     123         0.340
  4     120         0.260
  5     106         0.260
  6     118         0.126
  7     103         0.126
  8     97          0.050
  9     115         0.010
  10    101         0.010

Detector: BL_W120_T2.8_D12
Best Detection: 127 mmHg (confidence: 0.500)
Top 10 readings:
  Rank  Pressure    Confidence  
  ------------------------------
  1     127         0.500
  2     125         0.420
  3     123         0.340
  4     120         0.260
  5     117         0.126
  6     97          0.050
  7     115         0.010

Detector: BL_W120_T2.8_D18
Best Detection: 127 mmHg (confidence: 0.500)
Top 10 readings:
  Rank  Pressure    Confidence  
  ------------------------------
  1     127         0.500
  2     125         0.420
  3     123         0.340
  4     120         0.260
  5     117         0.126
  6     97          0.050
  7     115         0.010

Detector: BL_W120_T3.3_D12
Best Detection: 127 mmHg (confidence: 0.500)
Top 10 readings:
  Rank  Pressure    Confidence  
  ------------------------------
  1     127         0.500
  2     125         0.420
  3     123         0.340
  4     120         0.260
  5     117         0.126
  6     115         0.050

Detector: BL_W120_T3.3_D18
Best Detection: 127 mmHg (confidence: 0.500)
Top 10 readings:
  Rank  Pressure    Confidence  
  ------------------------------
  1     127         0.500
  2     125         0.420
  3     123         0.340
  4     120         0.260
  5     117         0.126
  6     115         0.050

Detector: BL_W130_T2.0_D12
Best Detection: 125 mmHg (confidence: 0.420)
Top 10 readings:
  Rank  Pressure    Confidence  
  ------------------------------
  1     125         0.420
  2     123         0.340
  3     108         0.340
  4     120         0.260
  5     106         0.260
  6     118         0.126
  7     103         0.126
  8     97          0.126
  9     89          0.126
  10    51          0.050

Detector: BL_W130_T2.0_D18
Best Detection: 125 mmHg (confidence: 0.420)
Top 10 readings:
  Rank  Pressure    Confidence  
  ------------------------------
  1     125         0.420
  2     123         0.340
  3     108         0.340
  4     120         0.260
  5     106         0.260
  6     118         0.126
  7     103         0.126
  8     97          0.126
  9     89          0.126
  10    51          0.050

Detector: BL_W130_T2.4_D12
Best Detection: 125 mmHg (confidence: 0.420)
Top 10 readings:
  Rank  Pressure    Confidence  
  ------------------------------
  1     125         0.420
  2     123         0.340
  3     120         0.260
  4     106         0.260
  5     118         0.126
  6     103         0.126
  7     97          0.050
  8     115         0.010
  9     101         0.010

Detector: BL_W130_T2.4_D18
Best Detection: 125 mmHg (confidence: 0.420)
Top 10 readings:
  Rank  Pressure    Confidence  
  ------------------------------
  1     125         0.420
  2     123         0.340
  3     120         0.260
  4     106         0.260
  5     118         0.126
  6     103         0.126
  7     97          0.050
  8     115         0.010
  9     101         0.010

Detector: BL_W130_T2.8_D12
Best Detection: 125 mmHg (confidence: 0.420)
Top 10 readings:
  Rank  Pressure    Confidence  
  ------------------------------
  1     125         0.420
  2     123         0.340
  3     120         0.260
  4     117         0.126
  5     97          0.050
  6     115         0.010
  7     106         0.010

Detector: BL_W130_T2.8_D18
Best Detection: 125 mmHg (confidence: 0.420)
Top 10 readings:
  Rank  Pressure    Confidence  
  ------------------------------
  1     125         0.420
  2     123         0.340
  3     120         0.260
  4     117         0.126
  5     97          0.050
  6     115         0.010
  7     106         0.010

Detector: BL_W130_T3.3_D12
Best Detection: 125 mmHg (confidence: 0.420)
Top 10 readings:
  Rank  Pressure    Confidence  
  ------------------------------
  1     125         0.420
  2     123         0.340
  3     120         0.260
  4     117         0.126
  5     115         0.050

Detector: BL_W130_T3.3_D18
Best Detection: 125 mmHg (confidence: 0.420)
Top 10 readings:
  Rank  Pressure    Confidence  
  ------------------------------
  1     125         0.420
  2     123         0.340
  3     120         0.260
  4     117         0.126
  5     115         0.050

Detector: BL_W140_T2.0_D12
Best Detection: 123 mmHg (confidence: 0.340)
Top 10 readings:
  Rank  Pressure    Confidence  
  ------------------------------
  1     123         0.340
  2     108         0.340
  3     120         0.260
  4     106         0.260
  5     97          0.210
  6     94          0.170
  7     93          0.130
  8     118         0.126
  9     103         0.126
  10    89          0.126

Detector: BL_W140_T2.0_D18
Best Detection: 123 mmHg (confidence: 0.340)
Top 10 readings:
  Rank  Pressure    Confidence  
  ------------------------------
  1     123         0.340
  2     108         0.340
  3     120         0.260
  4     106         0.260
  5     97          0.210
  6     94          0.170
  7     93          0.130
  8     118         0.126
  9     103         0.126
  10    89          0.126

Detector: BL_W140_T2.4_D12
Best Detection: 123 mmHg (confidence: 0.340)
Top 10 readings:
  Rank  Pressure    Confidence  
  ------------------------------
  1     123         0.340
  2     120         0.260
  3     106         0.260
  4     118         0.126
  5     103         0.126
  6     97          0.050
  7     115         0.010
  8     101         0.010

Detector: BL_W140_T2.4_D18
Best Detection: 123 mmHg (confidence: 0.340)
Top 10 readings:
  Rank  Pressure    Confidence  
  ------------------------------
  1     123         0.340
  2     120         0.260
  3     106         0.260
  4     118         0.126
  5     103         0.126
  6     97          0.050
  7     115         0.010
  8     101         0.010

Detector: BL_W140_T2.8_D12
Best Detection: 123 mmHg (confidence: 0.340)
Top 10 readings:
  Rank  Pressure    Confidence  
  ------------------------------
  1     123         0.340
  2     120         0.260
  3     118         0.126
  4     97          0.050
  5     115         0.010
  6     106         0.010

Detector: BL_W140_T2.8_D18
Best Detection: 123 mmHg (confidence: 0.340)
Top 10 readings:
  Rank  Pressure    Confidence  
  ------------------------------
  1     123         0.340
  2     120         0.260
  3     118         0.126
  4     97          0.050
  5     115         0.010
  6     106         0.010

Detector: BL_W140_T3.3_D12
Best Detection: 123 mmHg (confidence: 0.340)
Top 10 readings:
  Rank  Pressure    Confidence  
  ------------------------------
  1     123         0.340
  2     120         0.260
  3     117         0.126
  4     115         0.050

Detector: BL_W140_T3.3_D18
Best Detection: 123 mmHg (confidence: 0.340)
Top 10 readings:
  Rank  Pressure    Confidence  
  ------------------------------
  1     123         0.340
  2     120         0.260
  3     118         0.126
  4     115         0.050

Detector: BL_W150_T2.0_D12
Best Detection: 108 mmHg (confidence: 0.656)
Top 10 readings:
  Rank  Pressure    Confidence  
  ------------------------------
  1     108         0.656
  2     106         0.592
  3     103         0.528
  4     101         0.290
  5     120         0.260
  6     99          0.250
  7     97          0.210
  8     94          0.170
  9     93          0.130
  10    118         0.126

Detector: BL_W150_T2.0_D18
Best Detection: 108 mmHg (confidence: 0.656)
Top 10 readings:
  Rank  Pressure    Confidence  
  ------------------------------
  1     108         0.656
  2     106         0.592
  3     103         0.528
  4     101         0.290
  5     120         0.260
  6     99          0.250
  7     97          0.210
  8     94          0.170
  9     93          0.130
  10    118         0.126

Detector: BL_W150_T2.4_D12
Best Detection: 120 mmHg (confidence: 0.260)
Top 10 readings:
  Rank  Pressure    Confidence  
  ------------------------------
  1     120         0.260
  2     106         0.260
  3     118         0.126
  4     103         0.126
  5     49          0.050
  6     115         0.010
  7     101         0.010
  8     97          0.010

Detector: BL_W150_T2.4_D18
Best Detection: 120 mmHg (confidence: 0.260)
Top 10 readings:
  Rank  Pressure    Confidence  
  ------------------------------
  1     120         0.260
  2     106         0.260
  3     118         0.126
  4     103         0.126
  5     49          0.050
  6     115         0.010
  7     101         0.010
  8     97          0.010

Detector: BL_W150_T2.8_D12
Best Detection: 120 mmHg (confidence: 0.260)
Top 10 readings:
  Rank  Pressure    Confidence  
  ------------------------------
  1     120         0.260
  2     118         0.126
  3     97          0.050
  4     115         0.010
  5     106         0.010
  6     101         0.010

Detector: BL_W150_T2.8_D18
Best Detection: 120 mmHg (confidence: 0.260)
Top 10 readings:
  Rank  Pressure    Confidence  
  ------------------------------
  1     120         0.260
  2     118         0.126
  3     97          0.050
  4     115         0.010
  5     106         0.010
  6     101         0.010

Detector: BL_W150_T3.3_D12
Best Detection: 120 mmHg (confidence: 0.260)
Top 10 readings:
  Rank  Pressure    Confidence  
  ------------------------------
  1     120         0.260
  2     117         0.126
  3     97          0.050
  4     115         0.010

Detector: BL_W150_T3.3_D18
Best Detection: 120 mmHg (confidence: 0.260)
Top 10 readings:
  Rank  Pressure    Confidence  
  ------------------------------
  1     120         0.260
  2     118         0.126
  3     97          0.050
  4     115         0.010

Detector: BL_W20_T1.6_D12
Best Detection: 123 mmHg (confidence: 0.340)
Top 10 readings:
  Rank  Pressure    Confidence  
  ------------------------------
  1     123         0.340
  2     108         0.340
  3     93          0.340
  4     120         0.260
  5     106         0.260
  6     91          0.260
  7     117         0.126
  8     103         0.126
  9     89          0.126
  10    51          0.050

Detector: BL_W20_T1.6_D15
Best Detection: 123 mmHg (confidence: 0.340)
Top 10 readings:
  Rank  Pressure    Confidence  
  ------------------------------
  1     123         0.340
  2     108         0.340
  3     93          0.340
  4     128         0.336
  5     120         0.260
  6     106         0.260
  7     91          0.260
  8     117         0.126
  9     103         0.126
  10    89          0.126

Detector: BL_W20_T1.8_D12
Best Detection: 123 mmHg (confidence: 0.126)
Top 10 readings:
  Rank  Pressure    Confidence  
  ------------------------------
  1     123         0.126
  2     108         0.126
  3     89          0.126
  4     51          0.050
  5     148         0.010
  6     128         0.010
  7     120         0.010
  8     115         0.010
  9     106         0.010
  10    101         0.010

Detector: BL_W20_T1.8_D15
Best Detection: 128 mmHg (confidence: 0.208)
Top 10 readings:
  Rank  Pressure    Confidence  
  ------------------------------
  1     128         0.208
  2     123         0.126
  3     108         0.126
  4     89          0.126
  5     51          0.050
  6     148         0.010
  7     120         0.010
  8     115         0.010
  9     106         0.010
  10    101         0.010

Detector: BL_W20_T2.0_D12
Best Detection: 97 mmHg (confidence: 0.050)
Top 10 readings:
  Rank  Pressure    Confidence  
  ------------------------------
  1     97          0.050
  2     148         0.010
  3     128         0.010
  4     106         0.010

Detector: BL_W20_T2.0_D15
Best Detection: 97 mmHg (confidence: 0.050)
Top 10 readings:
  Rank  Pressure    Confidence  
  ------------------------------
  1     97          0.050
  2     148         0.010
  3     128         0.010
  4     106         0.010

Detector: BL_W30_T1.6_D12
Best Detection: 123 mmHg (confidence: 0.340)
Top 10 readings:
  Rank  Pressure    Confidence  
  ------------------------------
  1     123         0.340
  2     108         0.340
  3     120         0.260
  4     106         0.260
  5     91          0.260
  6     117         0.126
  7     103         0.126
  8     89          0.126
  9     51          0.050
  10    148         0.010

Detector: BL_W30_T1.6_D15
Best Detection: 123 mmHg (confidence: 0.340)
Top 10 readings:
  Rank  Pressure    Confidence  
  ------------------------------
  1     123         0.340
  2     108         0.340
  3     128         0.336
  4     120         0.260
  5     106         0.260
  6     91          0.260
  7     117         0.126
  8     103         0.126
  9     89          0.126
  10    51          0.050

Detector: BL_W30_T1.8_D12
Best Detection: 120 mmHg (confidence: 0.260)
Top 10 readings:
  Rank  Pressure    Confidence  
  ------------------------------
  1     120         0.260
  2     117         0.126
  3     106         0.126
  4     89          0.126
  5     51          0.050
  6     148         0.010
  7     128         0.010
  8     115         0.010
  9     103         0.010
  10    97          0.010

Detector: BL_W30_T1.8_D15
Best Detection: 120 mmHg (confidence: 0.260)
Top 10 readings:
  Rank  Pressure    Confidence  
  ------------------------------
  1     120         0.260
  2     117         0.126
  3     106         0.126
  4     89          0.126
  5     51          0.050
  6     148         0.010
  7     128         0.010
  8     115         0.010
  9     103         0.010
  10    97          0.010

Detector: BL_W30_T2.0_D12
Best Detection: 97 mmHg (confidence: 0.050)
Top 10 readings:
  Rank  Pressure    Confidence  
  ------------------------------
  1     97          0.050
  2     148         0.010
  3     128         0.010
  4     120         0.010
  5     115         0.010
  6     106         0.010

Detector: BL_W30_T2.0_D15
Best Detection: 97 mmHg (confidence: 0.050)
Top 10 readings:
  Rank  Pressure    Confidence  
  ------------------------------
  1     97          0.050
  2     148         0.010
  3     128         0.010
  4     120         0.010
  5     115         0.010
  6     106         0.010

Detector: BL_W40_T1.6_D12
Best Detection: 123 mmHg (confidence: 0.340)
Top 10 readings:
  Rank  Pressure    Confidence  
  ------------------------------
  1     123         0.340
  2     120         0.260
  3     106         0.260
  4     118         0.126
  5     103         0.126
  6     89          0.126
  7     51          0.050
  8     128         0.010
  9     115         0.010
  10    101         0.010

Detector: BL_W40_T1.6_D15
Best Detection: 128 mmHg (confidence: 0.500)
Top 10 readings:
  Rank  Pressure    Confidence  
  ------------------------------
  1     128         0.500
  2     125         0.420
  3     123         0.340
  4     120         0.260
  5     106         0.260
  6     118         0.126
  7     103         0.126
  8     89          0.126
  9     51          0.050
  10    115         0.010

Detector: BL_W40_T1.8_D12
Best Detection: 123 mmHg (confidence: 0.340)
Top 10 readings:
  Rank  Pressure    Confidence  
  ------------------------------
  1     123         0.340
  2     120         0.260
  3     106         0.260
  4     117         0.126
  5     103         0.126
  6     51          0.050
  7     128         0.010
  8     115         0.010
  9     101         0.010
  10    97          0.010

Detector: BL_W40_T1.8_D15
Best Detection: 128 mmHg (confidence: 0.500)
Top 10 readings:
  Rank  Pressure    Confidence  
  ------------------------------
  1     128         0.500
  2     125         0.420
  3     123         0.340
  4     120         0.260
  5     106         0.260
  6     117         0.126
  7     103         0.126
  8     51          0.050
  9     115         0.010
  10    101         0.010

Detector: BL_W40_T2.0_D12
Best Detection: 120 mmHg (confidence: 0.260)
Top 10 readings:
  Rank  Pressure    Confidence  
  ------------------------------
  1     120         0.260
  2     117         0.126
  3     97          0.050
  4     128         0.010
  5     115         0.010
  6     106         0.010

Detector: BL_W40_T2.0_D15
Best Detection: 120 mmHg (confidence: 0.260)
Top 10 readings:
  Rank  Pressure    Confidence  
  ------------------------------
  1     120         0.260
  2     128         0.126
  3     117         0.126
  4     97          0.050
  5     125         0.010
  6     115         0.010
  7     106         0.010

Detector: BL_W50_T1.6_D12
Best Detection: 128 mmHg (confidence: 0.500)
Top 10 readings:
  Rank  Pressure    Confidence  
  ------------------------------
  1     128         0.500
  2     125         0.420
  3     123         0.340
  4     120         0.260
  5     106         0.260
  6     118         0.126
  7     103         0.126
  8     51          0.050
  9     115         0.010
  10    101         0.010

Detector: BL_W50_T1.6_D15
Best Detection: 128 mmHg (confidence: 0.500)
Top 10 readings:
  Rank  Pressure    Confidence  
  ------------------------------
  1     128         0.500
  2     125         0.420
  3     123         0.340
  4     120         0.260
  5     106         0.260
  6     118         0.126
  7     103         0.126
  8     51          0.050
  9     115         0.010
  10    101         0.010

Detector: BL_W50_T1.8_D12
Best Detection: 128 mmHg (confidence: 0.500)
Top 10 readings:
  Rank  Pressure    Confidence  
  ------------------------------
  1     128         0.500
  2     125         0.420
  3     123         0.340
  4     120         0.260
  5     106         0.260
  6     117         0.126
  7     103         0.126
  8     51          0.050
  9     115         0.010
  10    101         0.010

Detector: BL_W50_T1.8_D15
Best Detection: 128 mmHg (confidence: 0.500)
Top 10 readings:
  Rank  Pressure    Confidence  
  ------------------------------
  1     128         0.500
  2     125         0.420
  3     123         0.340
  4     120         0.260
  5     106         0.260
  6     117         0.126
  7     103         0.126
  8     51          0.050
  9     115         0.010
  10    101         0.010

Detector: BL_W50_T2.0_D12
Best Detection: 128 mmHg (confidence: 0.500)
Top 10 readings:
  Rank  Pressure    Confidence  
  ------------------------------
  1     128         0.500
  2     125         0.420
  3     123         0.340
  4     120         0.260
  5     106         0.260
  6     117         0.126
  7     103         0.126
  8     97          0.050
  9     115         0.010
  10    101         0.010

Detector: BL_W50_T2.0_D15
Best Detection: 128 mmHg (confidence: 0.500)
Top 10 readings:
  Rank  Pressure    Confidence  
  ------------------------------
  1     128         0.500
  2     125         0.420
  3     123         0.340
  4     120         0.260
  5     106         0.260
  6     117         0.126
  7     103         0.126
  8     97          0.050
  9     115         0.010
  10    101         0.010

