=== Blood Pressure Measurement Report - Run #1 ===

Baseline HR: 52.0 BPM
Valid interval: 538-1500 ms

*** ENSEMBLE RESULT ***
Ensemble Systolic: 132 mmHg
Confidence: 0.034
95% CI: [127 - 136] mmHg
Agreement: 854/144 detectors

MAP: 103 mmHg
Est. Diastolic: 88 mmHg
Oscillometric MAP Systolic: 124 mmHg
Oscillometric MAP Diastolic: 100 mmHg

--- DETECTOR PERFORMANCE SUMMARY ---

Detector                           Best        Conf         | Rank  Best        Error       
-----------------------------------------------------------------------------------------------
BL_W100_T1.8_D12                   148         1.200        | 46    148         7.6         
BL_W110_T2.0_D18                   147         1.200        | 22    147         7.4         
BL_W110_T2.0_D12                   148         1.200        | 35    148         7.6         
BL_W100_T2.0_D16                   148         1.200        | 38    148         7.6         
BL_W100_T2.0_D12                   148         1.200        | 39    148         7.6         
BL_W100_T2.0_D10                   148         1.200        | 40    148         7.6         
BL_W100_T2.0_D5                    148         1.200        | 83    148         7.9         
BL_W100_T1.9_D16                   148         1.200        | 41    148         7.6         
BL_W100_T1.9_D12                   148         1.200        | 42    148         7.6         
BL_W100_T1.9_D10                   148         1.200        | 34    148         7.6         
BL_W100_T1.9_D5                    148         1.200        | 98    148         7.9         
BL_W100_T1.8_D16                   148         1.200        | 45    148         7.6         
BL_W120_T2.0_D12                   148         1.200        | 44    148         7.6         
BL_W100_T1.8_D10                   148         1.200        | 47    148         7.6         
BL_W100_T1.8_D5                    148         1.200        | 97    148         7.9         
BL_W90_T1.9_D16                    148         1.200        | 29    148         7.6         
BL_W90_T1.9_D12                    148         1.200        | 30    148         7.6         
BL_W90_T1.9_D10                    148         1.200        | 89    148         7.9         
BL_W90_T1.9_D5                     148         1.200        | 88    148         7.9         
BL_W90_T1.8_D16                    148         1.200        | 33    148         7.6         
BL_W90_T1.8_D12                    148         1.200        | 68    148         7.6         
BL_W90_T1.8_D10                    148         1.200        | 87    148         7.9         
BL_W90_T1.8_D5                     148         1.200        | 86    148         7.9         
BL_W20_T1.8_D15                    148         1.200        | 81    148         7.6         
BL_W50_T1.8_D15                    148         1.200        | 55    148         7.6         
BL_W50_T1.8_D12                    148         1.200        | 59    148         7.6         
BL_W50_T1.6_D15                    148         1.200        | 60    148         7.6         
BL_W50_T1.6_D12                    148         1.200        | 61    148         7.6         
BL_W40_T1.8_D15                    139         1.200        | 1     139         1.5         
BL_W40_T1.8_D12                    139         1.200        | 2     139         1.5         
BL_W40_T1.6_D15                    148         1.200        | 62    148         7.6         
BL_W40_T1.6_D12                    148         1.200        | 63    148         7.6         
BL_W20_T2.0_D15                    148         1.200        | 65    148         7.6         
BL_W20_T2.0_D12                    148         1.200        | 66    148         7.6         
BL_W60_T1.8_D10                    148         1.200        | 52    148         7.6         
BL_W20_T1.8_D12                    148         1.200        | 80    148         7.6         
BL_W20_T1.6_D15                    148         1.200        | 77    148         7.6         
BL_W20_T1.6_D12                    148         1.200        | 76    148         7.6         
BL_W150_T2.0_D18                   142         1.200        | 3     142         2.2         
BL_W150_T2.0_D12                   143         1.200        | 8     143         2.5         
BL_W140_T2.0_D18                   147         1.200        | 18    147         7.2         
BL_W140_T2.0_D12                   147         1.200        | 9     147         6.5         
BL_W130_T2.0_D18                   147         1.200        | 14    147         7.2         
BL_W130_T2.0_D12                   148         1.200        | 43    148         7.6         
BL_W120_T2.0_D18                   147         1.200        | 27    147         7.4         
BL_W60_T1.9_D10                    148         1.200        | 56    148         7.6         
BL_W80_T1.8_D12                    148         1.200        | 73    148         7.6         
BL_W80_T1.8_D10                    148         1.200        | 91    148         7.9         
BL_W80_T1.8_D5                     148         1.200        | 92    148         7.9         
BL_W70_T2.0_D16                    148         1.200        | 74    148         7.6         
BL_W70_T2.0_D10                    148         1.200        | 93    148         7.9         
BL_W70_T2.0_D5                     148         1.200        | 84    148         7.9         
BL_W70_T1.9_D16                    148         1.200        | 78    148         7.6         
BL_W60_T1.8_D12                    148         1.200        | 53    148         7.6         
BL_W60_T1.8_D16                    148         1.200        | 54    148         7.6         
BL_W60_T1.9_D5                     148         1.200        | 101   148         7.9         
BL_W70_T2.0_D12                    148         1.200        | 75    148         7.6         
BL_W70_T1.9_D12                    148         1.200        | 79    148         7.6         
BL_W70_T1.9_D10                    148         1.200        | 94    148         7.9         
BL_W60_T1.9_D12                    148         1.200        | 57    148         7.6         
BL_W60_T1.9_D16                    148         1.200        | 58    148         7.6         
BL_W70_T1.9_D5                     148         1.200        | 95    148         7.9         
BL_W70_T1.8_D16                    148         1.200        | 67    148         7.6         
BL_W70_T1.8_D5                     148         1.200        | 100   148         7.9         
BL_W70_T1.8_D10                    148         1.200        | 96    148         7.9         
BL_W70_T1.8_D12                    148         1.200        | 82    148         7.6         
BL_W80_T1.9_D5                     148         1.200        | 90    148         7.9         
BL_W80_T1.8_D16                    148         1.200        | 72    148         7.6         
BL_W60_T1.8_D5                     148         1.200        | 99    148         7.9         
BL_W80_T1.9_D16                    148         1.200        | 70    148         7.6         
BL_W80_T1.9_D12                    148         1.200        | 71    148         7.6         
BL_W80_T1.9_D10                    148         1.200        | 85    148         7.9         
BL_W50_T2.0_D15                    124         0.980        | 102   124         15.9        
BL_W50_T2.0_D12                    124         0.980        | 103   124         15.9        
BL_W40_T2.0_D15                    115         0.820        | 116   115         25.2        
BL_W80_T2.0_D12                    115         0.820        | 127   115         25.2        
BL_W30_T1.6_D12                    115         0.820        | 108   115         25.2        
BL_W30_T1.6_D15                    115         0.820        | 109   115         25.2        
BL_W80_T2.0_D16                    115         0.820        | 126   115         25.2        
BL_W80_T2.0_D10                    115         0.820        | 128   115         25.2        
BL_W80_T2.0_D5                     115         0.820        | 129   115         25.2        
BL_W40_T2.0_D12                    115         0.820        | 115   115         25.2        
BL_W90_T2.0_D5                     115         0.820        | 131   115         25.2        
BL_W90_T2.0_D10                    115         0.820        | 132   115         25.2        
BL_W90_T2.0_D12                    115         0.820        | 133   115         25.2        
BL_W90_T2.0_D16                    115         0.820        | 138   115         25.2        
BL_W100_T2.2_D16                   115         0.820        | 122   115         25.2        
BL_W100_T2.2_D12                   115         0.820        | 121   115         25.2        
BL_W100_T2.2_D10                   115         0.820        | 120   115         25.2        
BL_W100_T2.2_D5                    115         0.820        | 107   115         25.2        
BL_W70_T2.2_D5                     115         0.740        | 137   115         25.2        
BL_W70_T2.2_D12                    115         0.740        | 135   115         25.2        
BL_W60_T2.0_D16                    115         0.740        | 104   115         25.2        
BL_W60_T2.0_D12                    115         0.740        | 117   115         25.2        
BL_W70_T2.2_D16                    115         0.740        | 134   115         25.2        
BL_W90_T2.2_D16                    115         0.740        | 106   115         25.2        
BL_W60_T2.0_D10                    115         0.740        | 118   115         25.2        
BL_W60_T2.0_D5                     115         0.740        | 119   115         25.2        
BL_W70_T2.2_D10                    115         0.740        | 136   115         25.2        
BL_W90_T2.2_D12                    115         0.740        | 114   115         25.2        
BL_W90_T2.2_D5                     115         0.740        | 123   115         25.2        
BL_W90_T2.2_D10                    115         0.740        | 139   115         25.2        
BL_W80_T2.2_D12                    115         0.660        | 105   115         25.2        
BL_W80_T2.2_D10                    115         0.660        | 124   115         25.2        
BL_W80_T2.2_D16                    115         0.660        | 130   115         25.2        
BL_W80_T2.2_D5                     115         0.660        | 125   115         25.2        
BL_W130_T2.4_D18                   147         0.500        | 17    147         7.2         
BL_W110_T2.4_D12                   148         0.500        | 32    148         7.6         
BL_W110_T2.4_D18                   147         0.500        | 23    147         7.4         
BL_W120_T2.4_D12                   148         0.500        | 48    148         7.6         
BL_W120_T2.4_D18                   147         0.500        | 26    147         7.4         
BL_W30_T1.8_D15                    115         0.500        | 111   115         25.2        
BL_W30_T1.8_D12                    115         0.500        | 110   115         25.2        
BL_W130_T2.4_D12                   148         0.500        | 31    148         7.6         
BL_W150_T2.4_D18                   114         0.500        | 144   114         25.5        
BL_W140_T2.8_D18                   147         0.500        | 13    147         7.2         
BL_W150_T2.4_D12                   114         0.500        | 143   114         25.5        
BL_W130_T2.8_D18                   147         0.500        | 16    147         7.2         
BL_W140_T2.4_D12                   147         0.500        | 11    147         6.5         
BL_W140_T2.4_D18                   147         0.500        | 20    147         7.2         
BL_W140_T2.8_D12                   147         0.500        | 12    147         6.5         
BL_W130_T2.8_D12                   148         0.500        | 51    148         7.6         
BL_W150_T2.8_D12                   143         0.420        | 6     143         2.5         
BL_W120_T2.8_D12                   148         0.420        | 49    148         7.6         
BL_W120_T2.8_D18                   147         0.420        | 21    147         7.4         
BL_W150_T2.8_D18                   142         0.420        | 4     142         2.2         
BL_W110_T3.3_D12                   148         0.340        | 37    148         7.6         
BL_W110_T3.3_D18                   147         0.340        | 28    147         7.4         
BL_W110_T2.8_D18                   147         0.340        | 24    147         7.4         
BL_W110_T2.8_D12                   148         0.340        | 36    148         7.6         
BL_W140_T3.3_D12                   147         0.340        | 10    147         6.5         
BL_W130_T3.3_D12                   148         0.340        | 69    148         7.6         
BL_W140_T3.3_D18                   147         0.340        | 15    147         7.2         
BL_W120_T3.3_D12                   148         0.340        | 50    148         7.6         
BL_W120_T3.3_D18                   147         0.340        | 25    147         7.4         
BL_W60_T2.2_D16                    148         0.340        | 64    148         7.6         
BL_W130_T3.3_D18                   147         0.340        | 19    147         7.2         
BL_W30_T2.0_D15                    115         0.260        | 113   115         25.2        
BL_W30_T2.0_D12                    115         0.260        | 112   115         25.2        
BL_W60_T2.2_D5                     114         0.260        | 142   114         25.5        
BL_W60_T2.2_D10                    114         0.260        | 141   114         25.5        
BL_W60_T2.2_D12                    114         0.260        | 140   114         25.5        
BL_W150_T3.3_D18                   142         0.260        | 5     142         2.2         
BL_W150_T3.3_D12                   143         0.260        | 7     143         2.5         


=== DETAILED DETECTOR RESULTS ===

Detector: BL_W60_T1.8_D5
Best Detection: 148 mmHg (confidence: 1.200)
Top 10 readings:
  Rank  Pressure    Confidence  
  ------------------------------
  1     148         1.200
  2     142         1.200
  3     139         1.200
  4     136         1.200
  5     133         1.140
  6     128         1.060
  7     124         0.980
  8     120         0.900
  9     115         0.820
  10    111         0.740

Detector: BL_W60_T1.8_D10
Best Detection: 148 mmHg (confidence: 1.200)
Top 10 readings:
  Rank  Pressure    Confidence  
  ------------------------------
  1     148         1.200
  2     142         1.200
  3     139         1.200
  4     136         1.200
  5     133         1.140
  6     128         1.060
  7     124         0.980
  8     120         0.900
  9     115         0.820
  10    111         0.740

Detector: BL_W60_T1.8_D12
Best Detection: 148 mmHg (confidence: 1.200)
Top 10 readings:
  Rank  Pressure    Confidence  
  ------------------------------
  1     148         1.200
  2     142         1.200
  3     139         1.200
  4     136         1.200
  5     133         1.140
  6     128         1.060
  7     124         0.980
  8     120         0.900
  9     115         0.820
  10    111         0.740

Detector: BL_W60_T1.8_D16
Best Detection: 148 mmHg (confidence: 1.200)
Top 10 readings:
  Rank  Pressure    Confidence  
  ------------------------------
  1     148         1.200
  2     143         1.200
  3     139         1.200
  4     136         1.200
  5     133         1.140
  6     128         1.060
  7     124         0.980
  8     120         0.900
  9     115         0.820
  10    111         0.740

Detector: BL_W60_T1.9_D5
Best Detection: 148 mmHg (confidence: 1.200)
Top 10 readings:
  Rank  Pressure    Confidence  
  ------------------------------
  1     148         1.200
  2     142         1.200
  3     139         1.200
  4     136         1.200
  5     133         1.140
  6     128         1.060
  7     124         0.980
  8     119         0.900
  9     115         0.820
  10    111         0.740

Detector: BL_W60_T1.9_D10
Best Detection: 148 mmHg (confidence: 1.200)
Top 10 readings:
  Rank  Pressure    Confidence  
  ------------------------------
  1     148         1.200
  2     142         1.200
  3     139         1.200
  4     136         1.200
  5     133         1.140
  6     128         1.060
  7     124         0.980
  8     119         0.900
  9     115         0.820
  10    111         0.740

Detector: BL_W60_T1.9_D12
Best Detection: 148 mmHg (confidence: 1.200)
Top 10 readings:
  Rank  Pressure    Confidence  
  ------------------------------
  1     148         1.200
  2     142         1.200
  3     139         1.200
  4     136         1.200
  5     133         1.140
  6     128         1.060
  7     124         0.980
  8     119         0.900
  9     115         0.820
  10    111         0.740

Detector: BL_W60_T1.9_D16
Best Detection: 148 mmHg (confidence: 1.200)
Top 10 readings:
  Rank  Pressure    Confidence  
  ------------------------------
  1     148         1.200
  2     143         1.200
  3     139         1.200
  4     136         1.200
  5     133         1.140
  6     128         1.060
  7     124         0.980
  8     119         0.900
  9     115         0.820
  10    111         0.740

Detector: BL_W60_T2.0_D5
Best Detection: 115 mmHg (confidence: 0.740)
Top 10 readings:
  Rank  Pressure    Confidence  
  ------------------------------
  1     115         0.740
  2     111         0.660
  3     106         0.580
  4     101         0.500
  5     96          0.420
  6     148         0.340
  7     92          0.340
  8     142         0.260
  9     87          0.260
  10    139         0.126

Detector: BL_W60_T2.0_D10
Best Detection: 115 mmHg (confidence: 0.740)
Top 10 readings:
  Rank  Pressure    Confidence  
  ------------------------------
  1     115         0.740
  2     111         0.660
  3     106         0.580
  4     101         0.500
  5     96          0.420
  6     148         0.340
  7     92          0.340
  8     142         0.260
  9     87          0.260
  10    139         0.126

Detector: BL_W60_T2.0_D12
Best Detection: 115 mmHg (confidence: 0.740)
Top 10 readings:
  Rank  Pressure    Confidence  
  ------------------------------
  1     115         0.740
  2     111         0.660
  3     106         0.580
  4     101         0.500
  5     96          0.420
  6     148         0.340
  7     92          0.340
  8     142         0.260
  9     87          0.260
  10    139         0.126

Detector: BL_W60_T2.0_D16
Best Detection: 115 mmHg (confidence: 0.740)
Top 10 readings:
  Rank  Pressure    Confidence  
  ------------------------------
  1     115         0.740
  2     111         0.660
  3     106         0.580
  4     101         0.500
  5     96          0.420
  6     148         0.340
  7     92          0.340
  8     143         0.260
  9     87          0.260
  10    139         0.126

Detector: BL_W60_T2.2_D5
Best Detection: 114 mmHg (confidence: 0.260)
Top 10 readings:
  Rank  Pressure    Confidence  
  ------------------------------
  1     114         0.260
  2     138         0.126
  3     110         0.126
  4     83          0.050
  5     148         0.010
  6     133         0.010
  7     106         0.010
  8     92          0.010

Detector: BL_W60_T2.2_D10
Best Detection: 114 mmHg (confidence: 0.260)
Top 10 readings:
  Rank  Pressure    Confidence  
  ------------------------------
  1     114         0.260
  2     138         0.126
  3     110         0.126
  4     83          0.050
  5     148         0.010
  6     133         0.010
  7     106         0.010
  8     92          0.010

Detector: BL_W60_T2.2_D12
Best Detection: 114 mmHg (confidence: 0.260)
Top 10 readings:
  Rank  Pressure    Confidence  
  ------------------------------
  1     114         0.260
  2     138         0.126
  3     110         0.126
  4     83          0.050
  5     148         0.010
  6     133         0.010
  7     106         0.010
  8     92          0.010

Detector: BL_W60_T2.2_D16
Best Detection: 148 mmHg (confidence: 0.340)
Top 10 readings:
  Rank  Pressure    Confidence  
  ------------------------------
  1     148         0.340
  2     143         0.260
  3     114         0.260
  4     138         0.126
  5     110         0.126
  6     83          0.050
  7     133         0.010
  8     106         0.010
  9     92          0.010

Detector: BL_W70_T1.8_D5
Best Detection: 148 mmHg (confidence: 1.200)
Top 10 readings:
  Rank  Pressure    Confidence  
  ------------------------------
  1     148         1.200
  2     142         1.200
  3     139         1.200
  4     136         1.200
  5     134         1.140
  6     128         1.060
  7     124         0.980
  8     120         0.900
  9     116         0.820
  10    111         0.740

Detector: BL_W70_T1.8_D10
Best Detection: 148 mmHg (confidence: 1.200)
Top 10 readings:
  Rank  Pressure    Confidence  
  ------------------------------
  1     148         1.200
  2     142         1.200
  3     139         1.200
  4     136         1.200
  5     134         1.140
  6     128         1.060
  7     124         0.980
  8     120         0.900
  9     116         0.820
  10    111         0.740

Detector: BL_W70_T1.8_D12
Best Detection: 148 mmHg (confidence: 1.200)
Top 10 readings:
  Rank  Pressure    Confidence  
  ------------------------------
  1     148         1.200
  2     143         1.200
  3     139         1.200
  4     136         1.200
  5     134         1.140
  6     128         1.060
  7     124         0.980
  8     120         0.900
  9     116         0.820
  10    111         0.740

Detector: BL_W70_T1.8_D16
Best Detection: 148 mmHg (confidence: 1.200)
Top 10 readings:
  Rank  Pressure    Confidence  
  ------------------------------
  1     148         1.200
  2     143         1.200
  3     139         1.200
  4     136         1.200
  5     134         1.140
  6     128         1.060
  7     124         0.980
  8     120         0.900
  9     116         0.820
  10    111         0.740

Detector: BL_W70_T1.9_D5
Best Detection: 148 mmHg (confidence: 1.200)
Top 10 readings:
  Rank  Pressure    Confidence  
  ------------------------------
  1     148         1.200
  2     142         1.200
  3     139         1.200
  4     136         1.200
  5     134         1.140
  6     128         1.060
  7     124         0.980
  8     120         0.900
  9     115         0.820
  10    111         0.740

Detector: BL_W70_T1.9_D10
Best Detection: 148 mmHg (confidence: 1.200)
Top 10 readings:
  Rank  Pressure    Confidence  
  ------------------------------
  1     148         1.200
  2     142         1.200
  3     139         1.200
  4     136         1.200
  5     134         1.140
  6     128         1.060
  7     124         0.980
  8     120         0.900
  9     115         0.820
  10    111         0.740

Detector: BL_W70_T1.9_D12
Best Detection: 148 mmHg (confidence: 1.200)
Top 10 readings:
  Rank  Pressure    Confidence  
  ------------------------------
  1     148         1.200
  2     143         1.200
  3     139         1.200
  4     136         1.200
  5     134         1.140
  6     128         1.060
  7     124         0.980
  8     120         0.900
  9     115         0.820
  10    111         0.740

Detector: BL_W70_T1.9_D16
Best Detection: 148 mmHg (confidence: 1.200)
Top 10 readings:
  Rank  Pressure    Confidence  
  ------------------------------
  1     148         1.200
  2     143         1.200
  3     139         1.200
  4     136         1.200
  5     134         1.140
  6     128         1.060
  7     124         0.980
  8     120         0.900
  9     115         0.820
  10    111         0.740

Detector: BL_W70_T2.0_D5
Best Detection: 148 mmHg (confidence: 1.200)
Top 10 readings:
  Rank  Pressure    Confidence  
  ------------------------------
  1     148         1.200
  2     142         1.200
  3     139         1.200
  4     136         1.200
  5     133         1.140
  6     128         1.060
  7     124         0.980
  8     120         0.900
  9     115         0.820
  10    111         0.740

Detector: BL_W70_T2.0_D10
Best Detection: 148 mmHg (confidence: 1.200)
Top 10 readings:
  Rank  Pressure    Confidence  
  ------------------------------
  1     148         1.200
  2     142         1.200
  3     139         1.200
  4     136         1.200
  5     133         1.140
  6     128         1.060
  7     124         0.980
  8     120         0.900
  9     115         0.820
  10    111         0.740

Detector: BL_W70_T2.0_D12
Best Detection: 148 mmHg (confidence: 1.200)
Top 10 readings:
  Rank  Pressure    Confidence  
  ------------------------------
  1     148         1.200
  2     143         1.200
  3     139         1.200
  4     136         1.200
  5     133         1.140
  6     128         1.060
  7     124         0.980
  8     120         0.900
  9     115         0.820
  10    111         0.740

Detector: BL_W70_T2.0_D16
Best Detection: 148 mmHg (confidence: 1.200)
Top 10 readings:
  Rank  Pressure    Confidence  
  ------------------------------
  1     148         1.200
  2     143         1.200
  3     139         1.200
  4     136         1.200
  5     133         1.140
  6     128         1.060
  7     124         0.980
  8     120         0.900
  9     115         0.820
  10    111         0.740

Detector: BL_W70_T2.2_D5
Best Detection: 115 mmHg (confidence: 0.740)
Top 10 readings:
  Rank  Pressure    Confidence  
  ------------------------------
  1     115         0.740
  2     111         0.660
  3     106         0.580
  4     101         0.500
  5     96          0.420
  6     148         0.340
  7     92          0.340
  8     142         0.260
  9     87          0.260
  10    139         0.126

Detector: BL_W70_T2.2_D10
Best Detection: 115 mmHg (confidence: 0.740)
Top 10 readings:
  Rank  Pressure    Confidence  
  ------------------------------
  1     115         0.740
  2     111         0.660
  3     106         0.580
  4     101         0.500
  5     96          0.420
  6     148         0.340
  7     92          0.340
  8     142         0.260
  9     87          0.260
  10    139         0.126

Detector: BL_W70_T2.2_D12
Best Detection: 115 mmHg (confidence: 0.740)
Top 10 readings:
  Rank  Pressure    Confidence  
  ------------------------------
  1     115         0.740
  2     111         0.660
  3     106         0.580
  4     101         0.500
  5     96          0.420
  6     148         0.340
  7     92          0.340
  8     143         0.260
  9     87          0.260
  10    139         0.126

Detector: BL_W70_T2.2_D16
Best Detection: 115 mmHg (confidence: 0.740)
Top 10 readings:
  Rank  Pressure    Confidence  
  ------------------------------
  1     115         0.740
  2     111         0.660
  3     106         0.580
  4     101         0.500
  5     96          0.420
  6     148         0.340
  7     92          0.340
  8     143         0.260
  9     87          0.260
  10    139         0.126

Detector: BL_W80_T1.8_D5
Best Detection: 148 mmHg (confidence: 1.200)
Top 10 readings:
  Rank  Pressure    Confidence  
  ------------------------------
  1     148         1.200
  2     142         1.200
  3     139         1.200
  4     136         1.200
  5     134         1.140
  6     128         1.060
  7     124         0.980
  8     120         0.900
  9     115         0.820
  10    111         0.740

Detector: BL_W80_T1.8_D10
Best Detection: 148 mmHg (confidence: 1.200)
Top 10 readings:
  Rank  Pressure    Confidence  
  ------------------------------
  1     148         1.200
  2     146         1.200
  3     142         1.200
  4     139         1.200
  5     136         1.200
  6     134         1.140
  7     128         1.060
  8     124         0.980
  9     120         0.900
  10    115         0.820

Detector: BL_W80_T1.8_D12
Best Detection: 148 mmHg (confidence: 1.200)
Top 10 readings:
  Rank  Pressure    Confidence  
  ------------------------------
  1     148         1.200
  2     143         1.200
  3     139         1.200
  4     136         1.200
  5     134         1.140
  6     128         1.060
  7     124         0.980
  8     120         0.900
  9     115         0.820
  10    111         0.740

Detector: BL_W80_T1.8_D16
Best Detection: 148 mmHg (confidence: 1.200)
Top 10 readings:
  Rank  Pressure    Confidence  
  ------------------------------
  1     148         1.200
  2     143         1.200
  3     139         1.200
  4     136         1.200
  5     134         1.140
  6     128         1.060
  7     124         0.980
  8     120         0.900
  9     115         0.820
  10    111         0.740

Detector: BL_W80_T1.9_D5
Best Detection: 148 mmHg (confidence: 1.200)
Top 10 readings:
  Rank  Pressure    Confidence  
  ------------------------------
  1     148         1.200
  2     142         1.200
  3     139         1.200
  4     136         1.200
  5     134         1.140
  6     128         1.060
  7     124         0.980
  8     119         0.900
  9     115         0.820
  10    111         0.740

Detector: BL_W80_T1.9_D10
Best Detection: 148 mmHg (confidence: 1.200)
Top 10 readings:
  Rank  Pressure    Confidence  
  ------------------------------
  1     148         1.200
  2     146         1.200
  3     142         1.200
  4     139         1.200
  5     136         1.200
  6     134         1.140
  7     128         1.060
  8     124         0.980
  9     119         0.900
  10    115         0.820

Detector: BL_W80_T1.9_D12
Best Detection: 148 mmHg (confidence: 1.200)
Top 10 readings:
  Rank  Pressure    Confidence  
  ------------------------------
  1     148         1.200
  2     143         1.200
  3     139         1.200
  4     136         1.200
  5     134         1.140
  6     128         1.060
  7     124         0.980
  8     119         0.900
  9     115         0.820
  10    111         0.740

Detector: BL_W80_T1.9_D16
Best Detection: 148 mmHg (confidence: 1.200)
Top 10 readings:
  Rank  Pressure    Confidence  
  ------------------------------
  1     148         1.200
  2     143         1.200
  3     139         1.200
  4     136         1.200
  5     134         1.140
  6     128         1.060
  7     124         0.980
  8     119         0.900
  9     115         0.820
  10    111         0.740

Detector: BL_W80_T2.0_D5
Best Detection: 115 mmHg (confidence: 0.820)
Top 10 readings:
  Rank  Pressure    Confidence  
  ------------------------------
  1     115         0.820
  2     111         0.740
  3     106         0.660
  4     101         0.580
  5     148         0.500
  6     96          0.500
  7     142         0.420
  8     92          0.420
  9     139         0.340
  10    136         0.340

Detector: BL_W80_T2.0_D10
Best Detection: 115 mmHg (confidence: 0.820)
Top 10 readings:
  Rank  Pressure    Confidence  
  ------------------------------
  1     115         0.820
  2     111         0.740
  3     106         0.660
  4     101         0.580
  5     148         0.500
  6     146         0.500
  7     96          0.500
  8     142         0.420
  9     92          0.420
  10    139         0.340

Detector: BL_W80_T2.0_D12
Best Detection: 115 mmHg (confidence: 0.820)
Top 10 readings:
  Rank  Pressure    Confidence  
  ------------------------------
  1     115         0.820
  2     111         0.740
  3     106         0.660
  4     101         0.580
  5     148         0.500
  6     96          0.500
  7     143         0.420
  8     92          0.420
  9     139         0.340
  10    136         0.340

Detector: BL_W80_T2.0_D16
Best Detection: 115 mmHg (confidence: 0.820)
Top 10 readings:
  Rank  Pressure    Confidence  
  ------------------------------
  1     115         0.820
  2     111         0.740
  3     106         0.660
  4     101         0.580
  5     148         0.500
  6     96          0.500
  7     143         0.420
  8     92          0.420
  9     139         0.340
  10    136         0.340

Detector: BL_W80_T2.2_D5
Best Detection: 115 mmHg (confidence: 0.660)
Top 10 readings:
  Rank  Pressure    Confidence  
  ------------------------------
  1     115         0.660
  2     111         0.580
  3     148         0.500
  4     106         0.500
  5     142         0.420
  6     101         0.420
  7     139         0.340
  8     136         0.340
  9     96          0.340
  10    133         0.260

Detector: BL_W80_T2.2_D10
Best Detection: 115 mmHg (confidence: 0.660)
Top 10 readings:
  Rank  Pressure    Confidence  
  ------------------------------
  1     115         0.660
  2     111         0.580
  3     148         0.500
  4     146         0.500
  5     106         0.500
  6     142         0.420
  7     101         0.420
  8     139         0.340
  9     136         0.340
  10    96          0.340

Detector: BL_W80_T2.2_D12
Best Detection: 115 mmHg (confidence: 0.660)
Top 10 readings:
  Rank  Pressure    Confidence  
  ------------------------------
  1     115         0.660
  2     111         0.580
  3     148         0.500
  4     106         0.500
  5     143         0.420
  6     101         0.420
  7     139         0.340
  8     136         0.340
  9     96          0.340
  10    133         0.260

Detector: BL_W80_T2.2_D16
Best Detection: 115 mmHg (confidence: 0.660)
Top 10 readings:
  Rank  Pressure    Confidence  
  ------------------------------
  1     115         0.660
  2     111         0.580
  3     148         0.500
  4     106         0.500
  5     143         0.420
  6     101         0.420
  7     139         0.340
  8     136         0.340
  9     96          0.340
  10    133         0.260

Detector: BL_W90_T1.8_D5
Best Detection: 148 mmHg (confidence: 1.200)
Top 10 readings:
  Rank  Pressure    Confidence  
  ------------------------------
  1     148         1.200
  2     142         1.200
  3     139         1.200
  4     136         1.200
  5     134         1.140
  6     129         1.060
  7     124         0.980
  8     120         0.900
  9     115         0.820
  10    111         0.740

Detector: BL_W90_T1.8_D10
Best Detection: 148 mmHg (confidence: 1.200)
Top 10 readings:
  Rank  Pressure    Confidence  
  ------------------------------
  1     148         1.200
  2     146         1.200
  3     142         1.200
  4     139         1.200
  5     136         1.200
  6     134         1.140
  7     129         1.060
  8     124         0.980
  9     120         0.900
  10    115         0.820

Detector: BL_W90_T1.8_D12
Best Detection: 148 mmHg (confidence: 1.200)
Top 10 readings:
  Rank  Pressure    Confidence  
  ------------------------------
  1     148         1.200
  2     143         1.200
  3     139         1.200
  4     136         1.200
  5     134         1.140
  6     129         1.060
  7     124         0.980
  8     120         0.900
  9     115         0.820
  10    111         0.740

Detector: BL_W90_T1.8_D16
Best Detection: 148 mmHg (confidence: 1.200)
Top 10 readings:
  Rank  Pressure    Confidence  
  ------------------------------
  1     148         1.200
  2     143         1.200
  3     139         1.200
  4     136         1.200
  5     134         1.140
  6     129         1.060
  7     124         0.980
  8     120         0.900
  9     115         0.820
  10    111         0.740

Detector: BL_W90_T1.9_D5
Best Detection: 148 mmHg (confidence: 1.200)
Top 10 readings:
  Rank  Pressure    Confidence  
  ------------------------------
  1     148         1.200
  2     142         1.200
  3     139         1.200
  4     136         1.200
  5     134         1.140
  6     128         1.060
  7     124         0.980
  8     119         0.900
  9     115         0.820
  10    111         0.740

Detector: BL_W90_T1.9_D10
Best Detection: 148 mmHg (confidence: 1.200)
Top 10 readings:
  Rank  Pressure    Confidence  
  ------------------------------
  1     148         1.200
  2     146         1.200
  3     142         1.200
  4     139         1.200
  5     136         1.200
  6     134         1.140
  7     128         1.060
  8     124         0.980
  9     119         0.900
  10    115         0.820

Detector: BL_W90_T1.9_D12
Best Detection: 148 mmHg (confidence: 1.200)
Top 10 readings:
  Rank  Pressure    Confidence  
  ------------------------------
  1     148         1.200
  2     143         1.200
  3     139         1.200
  4     136         1.200
  5     134         1.140
  6     128         1.060
  7     124         0.980
  8     119         0.900
  9     115         0.820
  10    111         0.740

Detector: BL_W90_T1.9_D16
Best Detection: 148 mmHg (confidence: 1.200)
Top 10 readings:
  Rank  Pressure    Confidence  
  ------------------------------
  1     148         1.200
  2     143         1.200
  3     139         1.200
  4     136         1.200
  5     134         1.140
  6     128         1.060
  7     124         0.980
  8     119         0.900
  9     115         0.820
  10    111         0.740

Detector: BL_W90_T2.0_D5
Best Detection: 115 mmHg (confidence: 0.820)
Top 10 readings:
  Rank  Pressure    Confidence  
  ------------------------------
  1     115         0.820
  2     111         0.740
  3     106         0.660
  4     101         0.580
  5     148         0.500
  6     96          0.500
  7     142         0.420
  8     92          0.420
  9     139         0.340
  10    136         0.340

Detector: BL_W90_T2.0_D10
Best Detection: 115 mmHg (confidence: 0.820)
Top 10 readings:
  Rank  Pressure    Confidence  
  ------------------------------
  1     115         0.820
  2     111         0.740
  3     106         0.660
  4     101         0.580
  5     148         0.500
  6     146         0.500
  7     96          0.500
  8     142         0.420
  9     92          0.420
  10    139         0.340

Detector: BL_W90_T2.0_D12
Best Detection: 115 mmHg (confidence: 0.820)
Top 10 readings:
  Rank  Pressure    Confidence  
  ------------------------------
  1     115         0.820
  2     111         0.740
  3     106         0.660
  4     101         0.580
  5     148         0.500
  6     96          0.500
  7     143         0.420
  8     92          0.420
  9     139         0.340
  10    136         0.340

Detector: BL_W90_T2.0_D16
Best Detection: 115 mmHg (confidence: 0.820)
Top 10 readings:
  Rank  Pressure    Confidence  
  ------------------------------
  1     115         0.820
  2     111         0.740
  3     106         0.660
  4     101         0.580
  5     148         0.500
  6     96          0.500
  7     143         0.420
  8     92          0.420
  9     139         0.340
  10    136         0.340

Detector: BL_W90_T2.2_D5
Best Detection: 115 mmHg (confidence: 0.740)
Top 10 readings:
  Rank  Pressure    Confidence  
  ------------------------------
  1     115         0.740
  2     111         0.660
  3     106         0.580
  4     148         0.500
  5     101         0.500
  6     142         0.420
  7     96          0.420
  8     139         0.340
  9     136         0.340
  10    92          0.340

Detector: BL_W90_T2.2_D10
Best Detection: 115 mmHg (confidence: 0.740)
Top 10 readings:
  Rank  Pressure    Confidence  
  ------------------------------
  1     115         0.740
  2     111         0.660
  3     106         0.580
  4     148         0.500
  5     146         0.500
  6     101         0.500
  7     142         0.420
  8     96          0.420
  9     139         0.340
  10    136         0.340

Detector: BL_W90_T2.2_D12
Best Detection: 115 mmHg (confidence: 0.740)
Top 10 readings:
  Rank  Pressure    Confidence  
  ------------------------------
  1     115         0.740
  2     111         0.660
  3     106         0.580
  4     148         0.500
  5     101         0.500
  6     143         0.420
  7     96          0.420
  8     139         0.340
  9     136         0.340
  10    92          0.340

Detector: BL_W90_T2.2_D16
Best Detection: 115 mmHg (confidence: 0.740)
Top 10 readings:
  Rank  Pressure    Confidence  
  ------------------------------
  1     115         0.740
  2     111         0.660
  3     106         0.580
  4     148         0.500
  5     101         0.500
  6     143         0.420
  7     96          0.420
  8     139         0.340
  9     136         0.340
  10    92          0.340

Detector: BL_W100_T1.8_D5
Best Detection: 148 mmHg (confidence: 1.200)
Top 10 readings:
  Rank  Pressure    Confidence  
  ------------------------------
  1     148         1.200
  2     143         1.200
  3     139         1.200
  4     136         1.200
  5     134         1.140
  6     129         1.060
  7     124         0.980
  8     120         0.900
  9     115         0.820
  10    111         0.740

Detector: BL_W100_T1.8_D10
Best Detection: 148 mmHg (confidence: 1.200)
Top 10 readings:
  Rank  Pressure    Confidence  
  ------------------------------
  1     148         1.200
  2     143         1.200
  3     139         1.200
  4     136         1.200
  5     134         1.140
  6     129         1.060
  7     124         0.980
  8     120         0.900
  9     115         0.820
  10    111         0.740

Detector: BL_W100_T1.8_D12
Best Detection: 148 mmHg (confidence: 1.200)
Top 10 readings:
  Rank  Pressure    Confidence  
  ------------------------------
  1     148         1.200
  2     143         1.200
  3     139         1.200
  4     136         1.200
  5     134         1.140
  6     129         1.060
  7     124         0.980
  8     120         0.900
  9     115         0.820
  10    111         0.740

Detector: BL_W100_T1.8_D16
Best Detection: 148 mmHg (confidence: 1.200)
Top 10 readings:
  Rank  Pressure    Confidence  
  ------------------------------
  1     148         1.200
  2     143         1.200
  3     139         1.200
  4     136         1.200
  5     134         1.140
  6     129         1.060
  7     124         0.980
  8     120         0.900
  9     115         0.820
  10    111         0.740

Detector: BL_W100_T1.9_D5
Best Detection: 148 mmHg (confidence: 1.200)
Top 10 readings:
  Rank  Pressure    Confidence  
  ------------------------------
  1     148         1.200
  2     142         1.200
  3     139         1.200
  4     136         1.200
  5     134         1.140
  6     129         1.060
  7     124         0.980
  8     119         0.900
  9     115         0.820
  10    111         0.740

Detector: BL_W100_T1.9_D10
Best Detection: 148 mmHg (confidence: 1.200)
Top 10 readings:
  Rank  Pressure    Confidence  
  ------------------------------
  1     148         1.200
  2     143         1.200
  3     139         1.200
  4     136         1.200
  5     134         1.140
  6     129         1.060
  7     124         0.980
  8     119         0.900
  9     115         0.820
  10    111         0.740

Detector: BL_W100_T1.9_D12
Best Detection: 148 mmHg (confidence: 1.200)
Top 10 readings:
  Rank  Pressure    Confidence  
  ------------------------------
  1     148         1.200
  2     143         1.200
  3     139         1.200
  4     136         1.200
  5     134         1.140
  6     129         1.060
  7     124         0.980
  8     119         0.900
  9     115         0.820
  10    111         0.740

Detector: BL_W100_T1.9_D16
Best Detection: 148 mmHg (confidence: 1.200)
Top 10 readings:
  Rank  Pressure    Confidence  
  ------------------------------
  1     148         1.200
  2     143         1.200
  3     139         1.200
  4     136         1.200
  5     134         1.140
  6     129         1.060
  7     124         0.980
  8     119         0.900
  9     115         0.820
  10    111         0.740

Detector: BL_W100_T2.0_D5
Best Detection: 148 mmHg (confidence: 1.200)
Top 10 readings:
  Rank  Pressure    Confidence  
  ------------------------------
  1     148         1.200
  2     142         1.200
  3     139         1.200
  4     136         1.200
  5     134         1.140
  6     128         1.060
  7     124         0.980
  8     119         0.900
  9     115         0.820
  10    111         0.740

Detector: BL_W100_T2.0_D10
Best Detection: 148 mmHg (confidence: 1.200)
Top 10 readings:
  Rank  Pressure    Confidence  
  ------------------------------
  1     148         1.200
  2     143         1.200
  3     139         1.200
  4     136         1.200
  5     134         1.140
  6     128         1.060
  7     124         0.980
  8     119         0.900
  9     115         0.820
  10    111         0.740

Detector: BL_W100_T2.0_D12
Best Detection: 148 mmHg (confidence: 1.200)
Top 10 readings:
  Rank  Pressure    Confidence  
  ------------------------------
  1     148         1.200
  2     143         1.200
  3     139         1.200
  4     136         1.200
  5     134         1.140
  6     128         1.060
  7     124         0.980
  8     119         0.900
  9     115         0.820
  10    111         0.740

Detector: BL_W100_T2.0_D16
Best Detection: 148 mmHg (confidence: 1.200)
Top 10 readings:
  Rank  Pressure    Confidence  
  ------------------------------
  1     148         1.200
  2     143         1.200
  3     139         1.200
  4     136         1.200
  5     134         1.140
  6     128         1.060
  7     124         0.980
  8     119         0.900
  9     115         0.820
  10    111         0.740

Detector: BL_W100_T2.2_D5
Best Detection: 115 mmHg (confidence: 0.820)
Top 10 readings:
  Rank  Pressure    Confidence  
  ------------------------------
  1     115         0.820
  2     111         0.740
  3     106         0.660
  4     101         0.580
  5     148         0.500
  6     96          0.500
  7     142         0.420
  8     92          0.420
  9     139         0.340
  10    136         0.340

Detector: BL_W100_T2.2_D10
Best Detection: 115 mmHg (confidence: 0.820)
Top 10 readings:
  Rank  Pressure    Confidence  
  ------------------------------
  1     115         0.820
  2     111         0.740
  3     106         0.660
  4     101         0.580
  5     148         0.500
  6     96          0.500
  7     143         0.420
  8     92          0.420
  9     139         0.340
  10    136         0.340

Detector: BL_W100_T2.2_D12
Best Detection: 115 mmHg (confidence: 0.820)
Top 10 readings:
  Rank  Pressure    Confidence  
  ------------------------------
  1     115         0.820
  2     111         0.740
  3     106         0.660
  4     101         0.580
  5     148         0.500
  6     96          0.500
  7     143         0.420
  8     92          0.420
  9     139         0.340
  10    136         0.340

Detector: BL_W100_T2.2_D16
Best Detection: 115 mmHg (confidence: 0.820)
Top 10 readings:
  Rank  Pressure    Confidence  
  ------------------------------
  1     115         0.820
  2     111         0.740
  3     106         0.660
  4     101         0.580
  5     148         0.500
  6     96          0.500
  7     143         0.420
  8     92          0.420
  9     139         0.340
  10    136         0.340

Detector: BL_W110_T2.0_D12
Best Detection: 148 mmHg (confidence: 1.200)
Top 10 readings:
  Rank  Pressure    Confidence  
  ------------------------------
  1     148         1.200
  2     143         1.200
  3     139         1.200
  4     136         1.200
  5     134         1.140
  6     129         1.060
  7     124         0.980
  8     119         0.900
  9     115         0.820
  10    111         0.740

Detector: BL_W110_T2.0_D18
Best Detection: 147 mmHg (confidence: 1.200)
Top 10 readings:
  Rank  Pressure    Confidence  
  ------------------------------
  1     147         1.200
  2     143         1.200
  3     139         1.200
  4     136         1.200
  5     134         1.140
  6     129         1.060
  7     124         0.980
  8     119         0.900
  9     115         0.820
  10    111         0.740

Detector: BL_W110_T2.4_D12
Best Detection: 148 mmHg (confidence: 0.500)
Top 10 readings:
  Rank  Pressure    Confidence  
  ------------------------------
  1     148         0.500
  2     143         0.420
  3     139         0.340
  4     136         0.340
  5     134         0.260
  6     114         0.260
  7     128         0.126
  8     110         0.126
  9     96          0.126
  10    83          0.050

Detector: BL_W110_T2.4_D18
Best Detection: 147 mmHg (confidence: 0.500)
Top 10 readings:
  Rank  Pressure    Confidence  
  ------------------------------
  1     147         0.500
  2     143         0.420
  3     139         0.340
  4     136         0.340
  5     134         0.260
  6     114         0.260
  7     128         0.126
  8     110         0.126
  9     96          0.126
  10    83          0.050

Detector: BL_W110_T2.8_D12
Best Detection: 148 mmHg (confidence: 0.340)
Top 10 readings:
  Rank  Pressure    Confidence  
  ------------------------------
  1     148         0.340
  2     143         0.260
  3     139         0.126
  4     136         0.126
  5     133         0.050

Detector: BL_W110_T2.8_D18
Best Detection: 147 mmHg (confidence: 0.340)
Top 10 readings:
  Rank  Pressure    Confidence  
  ------------------------------
  1     147         0.340
  2     143         0.260
  3     139         0.126
  4     136         0.126
  5     133         0.050

Detector: BL_W110_T3.3_D12
Best Detection: 148 mmHg (confidence: 0.340)
Top 10 readings:
  Rank  Pressure    Confidence  
  ------------------------------
  1     148         0.340
  2     143         0.260
  3     138         0.126
  4     133         0.050

Detector: BL_W110_T3.3_D18
Best Detection: 147 mmHg (confidence: 0.340)
Top 10 readings:
  Rank  Pressure    Confidence  
  ------------------------------
  1     147         0.340
  2     143         0.260
  3     139         0.126
  4     133         0.050

Detector: BL_W120_T2.0_D12
Best Detection: 148 mmHg (confidence: 1.200)
Top 10 readings:
  Rank  Pressure    Confidence  
  ------------------------------
  1     148         1.200
  2     143         1.200
  3     139         1.200
  4     136         1.200
  5     134         1.140
  6     129         1.060
  7     124         0.980
  8     119         0.900
  9     115         0.820
  10    111         0.740

Detector: BL_W120_T2.0_D18
Best Detection: 147 mmHg (confidence: 1.200)
Top 10 readings:
  Rank  Pressure    Confidence  
  ------------------------------
  1     147         1.200
  2     143         1.200
  3     139         1.200
  4     136         1.200
  5     134         1.140
  6     129         1.060
  7     124         0.980
  8     119         0.900
  9     115         0.820
  10    111         0.740

Detector: BL_W120_T2.4_D12
Best Detection: 148 mmHg (confidence: 0.500)
Top 10 readings:
  Rank  Pressure    Confidence  
  ------------------------------
  1     148         0.500
  2     114         0.500
  3     143         0.420
  4     111         0.420
  5     139         0.340
  6     136         0.340
  7     106         0.340
  8     134         0.260
  9     101         0.260
  10    128         0.126

Detector: BL_W120_T2.4_D18
Best Detection: 147 mmHg (confidence: 0.500)
Top 10 readings:
  Rank  Pressure    Confidence  
  ------------------------------
  1     147         0.500
  2     114         0.500
  3     143         0.420
  4     111         0.420
  5     139         0.340
  6     136         0.340
  7     106         0.340
  8     134         0.260
  9     101         0.260
  10    128         0.126

Detector: BL_W120_T2.8_D12
Best Detection: 148 mmHg (confidence: 0.420)
Top 10 readings:
  Rank  Pressure    Confidence  
  ------------------------------
  1     148         0.420
  2     143         0.340
  3     139         0.260
  4     136         0.260
  5     133         0.126
  6     105         0.050
  7     128         0.010

Detector: BL_W120_T2.8_D18
Best Detection: 147 mmHg (confidence: 0.420)
Top 10 readings:
  Rank  Pressure    Confidence  
  ------------------------------
  1     147         0.420
  2     143         0.340
  3     139         0.260
  4     136         0.260
  5     133         0.126
  6     105         0.050
  7     128         0.010

Detector: BL_W120_T3.3_D12
Best Detection: 148 mmHg (confidence: 0.340)
Top 10 readings:
  Rank  Pressure    Confidence  
  ------------------------------
  1     148         0.340
  2     143         0.260
  3     138         0.126
  4     133         0.050

Detector: BL_W120_T3.3_D18
Best Detection: 147 mmHg (confidence: 0.340)
Top 10 readings:
  Rank  Pressure    Confidence  
  ------------------------------
  1     147         0.340
  2     143         0.260
  3     139         0.126
  4     136         0.126
  5     133         0.050

Detector: BL_W130_T2.0_D12
Best Detection: 148 mmHg (confidence: 1.200)
Top 10 readings:
  Rank  Pressure    Confidence  
  ------------------------------
  1     148         1.200
  2     143         1.200
  3     139         1.200
  4     136         1.200
  5     134         1.140
  6     129         1.060
  7     124         0.980
  8     119         0.900
  9     115         0.820
  10    111         0.740

Detector: BL_W130_T2.0_D18
Best Detection: 147 mmHg (confidence: 1.200)
Top 10 readings:
  Rank  Pressure    Confidence  
  ------------------------------
  1     147         1.200
  2     142         1.200
  3     139         1.200
  4     136         1.200
  5     134         1.140
  6     129         1.060
  7     124         0.980
  8     119         0.900
  9     115         0.820
  10    111         0.740

Detector: BL_W130_T2.4_D12
Best Detection: 148 mmHg (confidence: 0.500)
Top 10 readings:
  Rank  Pressure    Confidence  
  ------------------------------
  1     148         0.500
  2     114         0.500
  3     143         0.420
  4     111         0.420
  5     139         0.340
  6     136         0.340
  7     106         0.340
  8     134         0.260
  9     101         0.260
  10    128         0.126

Detector: BL_W130_T2.4_D18
Best Detection: 147 mmHg (confidence: 0.500)
Top 10 readings:
  Rank  Pressure    Confidence  
  ------------------------------
  1     147         0.500
  2     114         0.500
  3     142         0.420
  4     111         0.420
  5     139         0.340
  6     136         0.340
  7     106         0.340
  8     134         0.260
  9     101         0.260
  10    128         0.126

Detector: BL_W130_T2.8_D12
Best Detection: 148 mmHg (confidence: 0.500)
Top 10 readings:
  Rank  Pressure    Confidence  
  ------------------------------
  1     148         0.500
  2     143         0.420
  3     139         0.340
  4     136         0.340
  5     133         0.260
  6     128         0.126
  7     110         0.126
  8     105         0.050
  9     123         0.010

Detector: BL_W130_T2.8_D18
Best Detection: 147 mmHg (confidence: 0.500)
Top 10 readings:
  Rank  Pressure    Confidence  
  ------------------------------
  1     147         0.500
  2     142         0.420
  3     139         0.340
  4     136         0.340
  5     133         0.260
  6     128         0.126
  7     110         0.126
  8     105         0.050
  9     123         0.010

Detector: BL_W130_T3.3_D12
Best Detection: 148 mmHg (confidence: 0.340)
Top 10 readings:
  Rank  Pressure    Confidence  
  ------------------------------
  1     148         0.340
  2     143         0.260
  3     138         0.126
  4     133         0.050

Detector: BL_W130_T3.3_D18
Best Detection: 147 mmHg (confidence: 0.340)
Top 10 readings:
  Rank  Pressure    Confidence  
  ------------------------------
  1     147         0.340
  2     142         0.260
  3     139         0.126
  4     136         0.126
  5     133         0.050

Detector: BL_W140_T2.0_D12
Best Detection: 147 mmHg (confidence: 1.200)
Top 10 readings:
  Rank  Pressure    Confidence  
  ------------------------------
  1     147         1.200
  2     143         1.200
  3     139         1.200
  4     136         1.200
  5     134         1.140
  6     129         1.060
  7     124         0.980
  8     120         0.900
  9     115         0.820
  10    111         0.740

Detector: BL_W140_T2.0_D18
Best Detection: 147 mmHg (confidence: 1.200)
Top 10 readings:
  Rank  Pressure    Confidence  
  ------------------------------
  1     147         1.200
  2     142         1.200
  3     139         1.200
  4     136         1.200
  5     134         1.140
  6     129         1.060
  7     124         0.980
  8     120         0.900
  9     115         0.820
  10    111         0.740

Detector: BL_W140_T2.4_D12
Best Detection: 147 mmHg (confidence: 0.500)
Top 10 readings:
  Rank  Pressure    Confidence  
  ------------------------------
  1     147         0.500
  2     114         0.500
  3     143         0.420
  4     110         0.420
  5     139         0.340
  6     136         0.340
  7     106         0.340
  8     134         0.260
  9     101         0.260
  10    128         0.126

Detector: BL_W140_T2.4_D18
Best Detection: 147 mmHg (confidence: 0.500)
Top 10 readings:
  Rank  Pressure    Confidence  
  ------------------------------
  1     147         0.500
  2     114         0.500
  3     142         0.420
  4     110         0.420
  5     139         0.340
  6     136         0.340
  7     106         0.340
  8     134         0.260
  9     101         0.260
  10    128         0.126

Detector: BL_W140_T2.8_D12
Best Detection: 147 mmHg (confidence: 0.500)
Top 10 readings:
  Rank  Pressure    Confidence  
  ------------------------------
  1     147         0.500
  2     143         0.420
  3     139         0.340
  4     136         0.340
  5     133         0.260
  6     128         0.126
  7     105         0.050
  8     123         0.010

Detector: BL_W140_T2.8_D18
Best Detection: 147 mmHg (confidence: 0.500)
Top 10 readings:
  Rank  Pressure    Confidence  
  ------------------------------
  1     147         0.500
  2     142         0.420
  3     139         0.340
  4     136         0.340
  5     133         0.260
  6     128         0.126
  7     105         0.050
  8     123         0.010

Detector: BL_W140_T3.3_D12
Best Detection: 147 mmHg (confidence: 0.340)
Top 10 readings:
  Rank  Pressure    Confidence  
  ------------------------------
  1     147         0.340
  2     143         0.260
  3     139         0.126
  4     136         0.126
  5     133         0.050

Detector: BL_W140_T3.3_D18
Best Detection: 147 mmHg (confidence: 0.340)
Top 10 readings:
  Rank  Pressure    Confidence  
  ------------------------------
  1     147         0.340
  2     142         0.260
  3     139         0.126
  4     136         0.126
  5     133         0.050

Detector: BL_W150_T2.0_D12
Best Detection: 143 mmHg (confidence: 1.200)
Top 10 readings:
  Rank  Pressure    Confidence  
  ------------------------------
  1     143         1.200
  2     139         1.200
  3     136         1.200
  4     134         1.140
  5     129         1.060
  6     124         0.980
  7     120         0.900
  8     115         0.820
  9     111         0.740
  10    106         0.660

Detector: BL_W150_T2.0_D18
Best Detection: 142 mmHg (confidence: 1.200)
Top 10 readings:
  Rank  Pressure    Confidence  
  ------------------------------
  1     142         1.200
  2     139         1.200
  3     136         1.200
  4     134         1.140
  5     129         1.060
  6     124         0.980
  7     120         0.900
  8     115         0.820
  9     111         0.740
  10    106         0.660

Detector: BL_W150_T2.4_D12
Best Detection: 114 mmHg (confidence: 0.500)
Top 10 readings:
  Rank  Pressure    Confidence  
  ------------------------------
  1     114         0.500
  2     143         0.420
  3     111         0.420
  4     139         0.340
  5     136         0.340
  6     106         0.340
  7     134         0.260
  8     101         0.260
  9     129         0.126
  10    96          0.126

Detector: BL_W150_T2.4_D18
Best Detection: 114 mmHg (confidence: 0.500)
Top 10 readings:
  Rank  Pressure    Confidence  
  ------------------------------
  1     114         0.500
  2     142         0.420
  3     111         0.420
  4     139         0.340
  5     136         0.340
  6     106         0.340
  7     134         0.260
  8     101         0.260
  9     129         0.126
  10    96          0.126

Detector: BL_W150_T2.8_D12
Best Detection: 143 mmHg (confidence: 0.420)
Top 10 readings:
  Rank  Pressure    Confidence  
  ------------------------------
  1     143         0.420
  2     139         0.340
  3     136         0.340
  4     134         0.260
  5     128         0.126
  6     110         0.126
  7     106         0.050
  8     123         0.010

Detector: BL_W150_T2.8_D18
Best Detection: 142 mmHg (confidence: 0.420)
Top 10 readings:
  Rank  Pressure    Confidence  
  ------------------------------
  1     142         0.420
  2     139         0.340
  3     136         0.340
  4     134         0.260
  5     128         0.126
  6     110         0.126
  7     106         0.050
  8     123         0.010

Detector: BL_W150_T3.3_D12
Best Detection: 143 mmHg (confidence: 0.260)
Top 10 readings:
  Rank  Pressure    Confidence  
  ------------------------------
  1     143         0.260
  2     139         0.126
  3     136         0.126
  4     133         0.050

Detector: BL_W150_T3.3_D18
Best Detection: 142 mmHg (confidence: 0.260)
Top 10 readings:
  Rank  Pressure    Confidence  
  ------------------------------
  1     142         0.260
  2     139         0.126
  3     136         0.126
  4     133         0.050

Detector: BL_W20_T1.6_D12
Best Detection: 148 mmHg (confidence: 1.200)
Top 10 readings:
  Rank  Pressure    Confidence  
  ------------------------------
  1     148         1.200
  2     143         1.200
  3     139         1.200
  4     133         1.140
  5     129         1.060
  6     126         0.980
  7     121         0.900
  8     117         0.820
  9     112         0.740
  10    108         0.660

Detector: BL_W20_T1.6_D15
Best Detection: 148 mmHg (confidence: 1.200)
Top 10 readings:
  Rank  Pressure    Confidence  
  ------------------------------
  1     148         1.200
  2     143         1.200
  3     139         1.200
  4     133         1.140
  5     129         1.060
  6     126         0.980
  7     121         0.900
  8     117         0.820
  9     112         0.740
  10    108         0.660

Detector: BL_W20_T1.8_D12
Best Detection: 148 mmHg (confidence: 1.200)
Top 10 readings:
  Rank  Pressure    Confidence  
  ------------------------------
  1     148         1.200
  2     143         1.200
  3     139         1.200
  4     133         1.140
  5     129         1.060
  6     126         0.980
  7     121         0.900
  8     117         0.820
  9     112         0.740
  10    108         0.660

Detector: BL_W20_T1.8_D15
Best Detection: 148 mmHg (confidence: 1.200)
Top 10 readings:
  Rank  Pressure    Confidence  
  ------------------------------
  1     148         1.200
  2     143         1.200
  3     139         1.200
  4     133         1.140
  5     129         1.060
  6     126         0.980
  7     121         0.900
  8     117         0.820
  9     112         0.740
  10    108         0.660

Detector: BL_W20_T2.0_D12
Best Detection: 148 mmHg (confidence: 1.200)
Top 10 readings:
  Rank  Pressure    Confidence  
  ------------------------------
  1     148         1.200
  2     143         1.200
  3     139         1.200
  4     133         1.140
  5     129         1.060
  6     126         0.980
  7     121         0.900
  8     117         0.820
  9     112         0.740
  10    108         0.660

Detector: BL_W20_T2.0_D15
Best Detection: 148 mmHg (confidence: 1.200)
Top 10 readings:
  Rank  Pressure    Confidence  
  ------------------------------
  1     148         1.200
  2     143         1.200
  3     139         1.200
  4     133         1.140
  5     129         1.060
  6     126         0.980
  7     121         0.900
  8     117         0.820
  9     112         0.740
  10    108         0.660

Detector: BL_W30_T1.6_D12
Best Detection: 115 mmHg (confidence: 0.820)
Top 10 readings:
  Rank  Pressure    Confidence  
  ------------------------------
  1     115         0.820
  2     111         0.740
  3     106         0.660
  4     101         0.580
  5     96          0.500
  6     92          0.420
  7     87          0.340
  8     83          0.260
  9     184         0.126
  10    139         0.126

Detector: BL_W30_T1.6_D15
Best Detection: 115 mmHg (confidence: 0.820)
Top 10 readings:
  Rank  Pressure    Confidence  
  ------------------------------
  1     115         0.820
  2     111         0.740
  3     106         0.660
  4     101         0.580
  5     96          0.500
  6     92          0.420
  7     87          0.340
  8     83          0.260
  9     184         0.126
  10    139         0.126

Detector: BL_W30_T1.8_D12
Best Detection: 115 mmHg (confidence: 0.500)
Top 10 readings:
  Rank  Pressure    Confidence  
  ------------------------------
  1     115         0.500
  2     111         0.420
  3     106         0.340
  4     101         0.260
  5     139         0.126
  6     96          0.126
  7     83          0.050
  8     184         0.010
  9     148         0.010
  10    133         0.010

Detector: BL_W30_T1.8_D15
Best Detection: 115 mmHg (confidence: 0.500)
Top 10 readings:
  Rank  Pressure    Confidence  
  ------------------------------
  1     115         0.500
  2     111         0.420
  3     106         0.340
  4     101         0.260
  5     139         0.126
  6     96          0.126
  7     83          0.050
  8     184         0.010
  9     148         0.010
  10    133         0.010

Detector: BL_W30_T2.0_D12
Best Detection: 115 mmHg (confidence: 0.260)
Top 10 readings:
  Rank  Pressure    Confidence  
  ------------------------------
  1     115         0.260
  2     138         0.126
  3     110         0.126
  4     96          0.126
  5     83          0.050
  6     184         0.010
  7     148         0.010
  8     133         0.010
  9     106         0.010
  10    92          0.010

Detector: BL_W30_T2.0_D15
Best Detection: 115 mmHg (confidence: 0.260)
Top 10 readings:
  Rank  Pressure    Confidence  
  ------------------------------
  1     115         0.260
  2     138         0.126
  3     110         0.126
  4     96          0.126
  5     83          0.050
  6     184         0.010
  7     148         0.010
  8     133         0.010
  9     106         0.010
  10    92          0.010

Detector: BL_W40_T1.6_D12
Best Detection: 148 mmHg (confidence: 1.200)
Top 10 readings:
  Rank  Pressure    Confidence  
  ------------------------------
  1     148         1.200
  2     142         1.200
  3     139         1.200
  4     136         1.200
  5     133         1.140
  6     128         1.060
  7     125         0.980
  8     120         0.900
  9     116         0.820
  10    111         0.740

Detector: BL_W40_T1.6_D15
Best Detection: 148 mmHg (confidence: 1.200)
Top 10 readings:
  Rank  Pressure    Confidence  
  ------------------------------
  1     148         1.200
  2     142         1.200
  3     139         1.200
  4     136         1.200
  5     133         1.140
  6     128         1.060
  7     125         0.980
  8     120         0.900
  9     116         0.820
  10    111         0.740

Detector: BL_W40_T1.8_D12
Best Detection: 139 mmHg (confidence: 1.200)
Top 10 readings:
  Rank  Pressure    Confidence  
  ------------------------------
  1     139         1.200
  2     136         1.200
  3     133         1.140
  4     128         1.060
  5     125         0.980
  6     120         0.900
  7     116         0.820
  8     111         0.740
  9     106         0.660
  10    101         0.580

Detector: BL_W40_T1.8_D15
Best Detection: 139 mmHg (confidence: 1.200)
Top 10 readings:
  Rank  Pressure    Confidence  
  ------------------------------
  1     139         1.200
  2     136         1.200
  3     133         1.140
  4     128         1.060
  5     125         0.980
  6     120         0.900
  7     116         0.820
  8     111         0.740
  9     106         0.660
  10    101         0.580

Detector: BL_W40_T2.0_D12
Best Detection: 115 mmHg (confidence: 0.820)
Top 10 readings:
  Rank  Pressure    Confidence  
  ------------------------------
  1     115         0.820
  2     111         0.740
  3     106         0.660
  4     101         0.580
  5     96          0.500
  6     92          0.420
  7     87          0.340
  8     83          0.260
  9     139         0.126
  10    79          0.126

Detector: BL_W40_T2.0_D15
Best Detection: 115 mmHg (confidence: 0.820)
Top 10 readings:
  Rank  Pressure    Confidence  
  ------------------------------
  1     115         0.820
  2     111         0.740
  3     106         0.660
  4     101         0.580
  5     96          0.500
  6     92          0.420
  7     87          0.340
  8     83          0.260
  9     139         0.126
  10    79          0.126

Detector: BL_W50_T1.6_D12
Best Detection: 148 mmHg (confidence: 1.200)
Top 10 readings:
  Rank  Pressure    Confidence  
  ------------------------------
  1     148         1.200
  2     142         1.200
  3     139         1.200
  4     136         1.200
  5     133         1.140
  6     128         1.060
  7     124         0.980
  8     120         0.900
  9     116         0.820
  10    111         0.740

Detector: BL_W50_T1.6_D15
Best Detection: 148 mmHg (confidence: 1.200)
Top 10 readings:
  Rank  Pressure    Confidence  
  ------------------------------
  1     148         1.200
  2     143         1.200
  3     139         1.200
  4     136         1.200
  5     133         1.140
  6     128         1.060
  7     124         0.980
  8     120         0.900
  9     116         0.820
  10    111         0.740

Detector: BL_W50_T1.8_D12
Best Detection: 148 mmHg (confidence: 1.200)
Top 10 readings:
  Rank  Pressure    Confidence  
  ------------------------------
  1     148         1.200
  2     142         1.200
  3     139         1.200
  4     136         1.200
  5     133         1.140
  6     128         1.060
  7     124         0.980
  8     120         0.900
  9     116         0.820
  10    111         0.740

Detector: BL_W50_T1.8_D15
Best Detection: 148 mmHg (confidence: 1.200)
Top 10 readings:
  Rank  Pressure    Confidence  
  ------------------------------
  1     148         1.200
  2     143         1.200
  3     139         1.200
  4     136         1.200
  5     133         1.140
  6     128         1.060
  7     124         0.980
  8     120         0.900
  9     116         0.820
  10    111         0.740

Detector: BL_W50_T2.0_D12
Best Detection: 124 mmHg (confidence: 0.980)
Top 10 readings:
  Rank  Pressure    Confidence  
  ------------------------------
  1     124         0.980
  2     120         0.900
  3     115         0.820
  4     111         0.740
  5     106         0.660
  6     101         0.580
  7     96          0.500
  8     92          0.420
  9     87          0.340
  10    83          0.260

Detector: BL_W50_T2.0_D15
Best Detection: 124 mmHg (confidence: 0.980)
Top 10 readings:
  Rank  Pressure    Confidence  
  ------------------------------
  1     124         0.980
  2     120         0.900
  3     115         0.820
  4     111         0.740
  5     106         0.660
  6     101         0.580
  7     96          0.500
  8     92          0.420
  9     148         0.340
  10    87          0.340

