=== Blood Pressure Measurement Report - Run #1 ===

Baseline HR: 49.9 BPM
Valid interval: 559-1500 ms

*** ENSEMBLE RESULT ***
Ensemble Systolic: 132 mmHg
Confidence: 0.055
95% CI: [127 - 137] mmHg
Agreement: 884/144 detectors

MAP: 109 mmHg
Est. Diastolic: 97 mmHg
Oscillometric MAP Systolic: 132 mmHg
Oscillometric MAP Diastolic: 102 mmHg

--- DETECTOR PERFORMANCE SUMMARY ---

Detector                           Best        Conf         | Rank  Best        Error       
-----------------------------------------------------------------------------------------------
BL_W100_T1.8_D5                    152         1.200        | 105   152         12.0        
BL_W100_T1.8_D10                   151         1.200        | 102   151         11.1        
BL_W90_T1.8_D5                     153         1.200        | 110   153         12.8        
BL_W70_T1.9_D5                     161         1.200        | 112   161         21.4        
BL_W100_T2.2_D10                   151         1.200        | 104   151         11.1        
BL_W90_T1.9_D5                     153         1.200        | 107   153         12.8        
BL_W100_T1.9_D5                    151         1.200        | 100   151         11.1        
BL_W100_T1.9_D10                   151         1.200        | 101   151         11.1        
BL_W100_T2.0_D10                   151         1.200        | 103   151         11.1        
BL_W70_T1.8_D5                     161         1.200        | 111   161         21.4        
BL_W90_T2.0_D5                     153         1.200        | 109   153         12.8        
BL_W140_T2.0_D18                   144         1.140        | 43    144         4.2         
BL_W80_T2.0_D12                    145         1.140        | 74    145         4.6         
BL_W90_T2.0_D16                    144         1.140        | 27    144         4.1         
BL_W90_T2.0_D12                    145         1.140        | 57    145         4.6         
BL_W90_T2.0_D10                    145         1.140        | 82    145         4.6         
BL_W90_T1.9_D16                    144         1.140        | 16    144         4.1         
BL_W90_T1.9_D12                    145         1.140        | 80    145         4.6         
BL_W90_T1.9_D10                    145         1.140        | 79    145         4.6         
BL_W90_T1.8_D16                    144         1.140        | 22    144         4.1         
BL_W90_T1.8_D12                    145         1.140        | 77    145         4.6         
BL_W90_T1.8_D10                    145         1.140        | 76    145         4.6         
BL_W150_T2.0_D12                   145         1.140        | 65    145         4.6         
BL_W150_T2.0_D18                   144         1.140        | 32    144         4.2         
BL_W80_T2.0_D16                    144         1.140        | 21    144         4.1         
BL_W140_T2.0_D12                   145         1.140        | 61    145         4.6         
BL_W100_T1.8_D12                   145         1.140        | 68    145         4.6         
BL_W100_T1.8_D16                   144         1.140        | 10    144         4.1         
BL_W100_T1.9_D12                   145         1.140        | 48    145         4.6         
BL_W100_T1.9_D16                   144         1.140        | 24    144         4.1         
BL_W100_T2.0_D5                    145         1.140        | 90    145         5.4         
BL_W100_T2.0_D12                   145         1.140        | 51    145         4.6         
BL_W100_T2.0_D16                   144         1.140        | 26    144         4.1         
BL_W100_T2.2_D5                    145         1.140        | 89    145         5.4         
BL_W100_T2.2_D12                   145         1.140        | 50    145         4.6         
BL_W100_T2.2_D16                   144         1.140        | 11    144         4.1         
BL_W110_T2.0_D12                   145         1.140        | 46    145         4.6         
BL_W130_T2.0_D18                   144         1.140        | 13    144         4.1         
BL_W130_T2.0_D12                   145         1.140        | 45    145         4.6         
BL_W120_T2.0_D18                   144         1.140        | 20    144         4.1         
BL_W120_T2.0_D12                   145         1.140        | 53    145         4.6         
BL_W20_T1.8_D12                    144         1.140        | 40    144         4.2         
BL_W40_T1.6_D12                    144         1.140        | 38    144         4.2         
BL_W40_T1.8_D12                    144         1.140        | 34    144         4.2         
BL_W70_T1.8_D10                    145         1.140        | 84    145         4.6         
BL_W70_T1.8_D12                    145         1.140        | 83    145         4.6         
BL_W70_T1.9_D10                    145         1.140        | 81    145         4.6         
BL_W70_T1.9_D12                    145         1.140        | 78    145         4.6         
BL_W80_T2.0_D10                    145         1.140        | 73    145         4.6         
BL_W50_T1.6_D12                    144         1.140        | 31    144         4.2         
BL_W30_T1.6_D12                    144         1.140        | 44    144         4.2         
BL_W20_T2.0_D12                    144         1.140        | 42    144         4.2         
BL_W20_T1.6_D12                    144         1.140        | 30    144         4.2         
BL_W80_T1.9_D5                     145         1.140        | 93    145         5.4         
BL_W80_T2.0_D5                     145         1.140        | 91    145         5.4         
BL_W50_T1.8_D12                    144         1.140        | 35    144         4.2         
BL_W80_T1.9_D16                    144         1.140        | 18    144         4.1         
BL_W80_T1.9_D12                    145         1.140        | 72    145         4.6         
BL_W80_T1.9_D10                    145         1.140        | 71    145         4.6         
BL_W80_T1.8_D5                     145         1.140        | 92    145         5.4         
BL_W80_T1.8_D16                    144         1.140        | 15    144         4.1         
BL_W80_T1.8_D12                    145         1.140        | 70    145         4.6         
BL_W80_T1.8_D10                    145         1.140        | 69    145         4.6         
BL_W20_T2.0_D15                    139         1.060        | 2     139         1.5         
BL_W50_T1.6_D15                    138         1.060        | 7     138         2.0         
BL_W20_T1.8_D15                    139         1.060        | 3     139         1.5         
BL_W20_T1.6_D15                    139         1.060        | 1     139         1.5         
BL_W50_T1.8_D15                    138         1.060        | 5     138         2.0         
BL_W110_T2.0_D18                   138         1.060        | 8     138         2.0         
BL_W130_T2.4_D12                   145         0.980        | 58    145         4.6         
BL_W70_T1.9_D16                    133         0.980        | 98    133         6.9         
BL_W40_T1.8_D15                    133         0.980        | 96    133         6.9         
BL_W40_T1.6_D15                    133         0.980        | 97    133         6.9         
BL_W30_T1.6_D15                    133         0.980        | 95    133         6.9         
BL_W70_T1.8_D16                    133         0.980        | 99    133         6.9         
BL_W130_T2.4_D18                   144         0.980        | 12    144         4.1         
BL_W140_T2.4_D12                   145         0.980        | 62    145         4.6         
BL_W150_T2.4_D18                   144         0.980        | 28    144         4.2         
BL_W140_T2.4_D18                   144         0.980        | 39    144         4.2         
BL_W150_T2.4_D12                   145         0.980        | 66    145         4.6         
BL_W30_T1.8_D15                    111         0.660        | 134   111         28.5        
BL_W30_T1.8_D12                    111         0.660        | 135   111         28.5        
BL_W40_T2.0_D12                    112         0.660        | 114   112         28.1        
BL_W40_T2.0_D15                    112         0.660        | 115   112         28.1        
BL_W50_T2.0_D15                    112         0.660        | 113   112         28.1        
BL_W50_T2.0_D12                    112         0.660        | 116   112         28.1        
BL_W60_T1.8_D5                     112         0.660        | 117   112         28.1        
BL_W60_T2.0_D10                    111         0.660        | 131   111         28.5        
BL_W70_T2.2_D12                    111         0.660        | 137   111         28.5        
BL_W70_T2.2_D10                    111         0.660        | 138   111         28.5        
BL_W70_T2.2_D5                     111         0.660        | 125   111         28.5        
BL_W70_T2.0_D16                    112         0.660        | 124   112         28.1        
BL_W70_T2.0_D12                    112         0.660        | 123   112         28.1        
BL_W70_T2.0_D10                    112         0.660        | 118   112         28.1        
BL_W70_T2.0_D5                     112         0.660        | 122   112         28.1        
BL_W60_T2.0_D16                    111         0.660        | 133   111         28.5        
BL_W60_T2.0_D12                    111         0.660        | 132   111         28.5        
BL_W70_T2.2_D16                    111         0.660        | 136   111         28.5        
BL_W60_T2.0_D5                     111         0.660        | 130   111         28.5        
BL_W60_T1.9_D16                    111         0.660        | 129   111         28.5        
BL_W60_T1.9_D12                    111         0.660        | 128   111         28.5        
BL_W60_T1.9_D10                    111         0.660        | 127   111         28.5        
BL_W60_T1.9_D5                     111         0.660        | 126   111         28.5        
BL_W60_T1.8_D16                    112         0.660        | 121   112         28.1        
BL_W60_T1.8_D12                    112         0.660        | 120   112         28.1        
BL_W60_T1.8_D10                    112         0.660        | 119   112         28.1        
BL_W80_T2.2_D16                    106         0.580        | 144   106         33.8        
BL_W80_T2.2_D12                    106         0.580        | 143   106         33.8        
BL_W80_T2.2_D10                    106         0.580        | 142   106         33.8        
BL_W80_T2.2_D5                     106         0.580        | 140   106         33.8        
BL_W90_T2.2_D5                     153         0.500        | 108   153         12.8        
BL_W120_T2.4_D12                   145         0.500        | 54    145         4.6         
BL_W120_T2.4_D18                   144         0.500        | 19    144         4.1         
BL_W60_T2.2_D5                     152         0.500        | 106   152         12.3        
BL_W90_T2.2_D16                    144         0.420        | 25    144         4.1         
BL_W110_T3.3_D12                   145         0.420        | 52    145         4.6         
BL_W60_T2.2_D12                    145         0.420        | 87    145         4.6         
BL_W60_T2.2_D10                    145         0.420        | 88    145         4.6         
BL_W30_T2.0_D12                    144         0.420        | 41    144         4.2         
BL_W110_T2.4_D12                   145         0.420        | 49    145         4.6         
BL_W110_T2.4_D18                   106         0.420        | 141   106         33.8        
BL_W110_T2.8_D12                   145         0.420        | 47    145         4.6         
BL_W120_T3.3_D18                   144         0.420        | 14    144         4.1         
BL_W120_T3.3_D12                   145         0.420        | 56    145         4.6         
BL_W120_T2.8_D18                   144         0.420        | 17    144         4.1         
BL_W120_T2.8_D12                   145         0.420        | 55    145         4.6         
BL_W150_T3.3_D12                   145         0.420        | 75    145         4.6         
BL_W140_T2.8_D12                   145         0.420        | 63    145         4.6         
BL_W140_T2.8_D18                   144         0.420        | 37    144         4.2         
BL_W140_T3.3_D12                   145         0.420        | 64    145         4.6         
BL_W140_T3.3_D18                   144         0.420        | 36    144         4.2         
BL_W150_T2.8_D12                   145         0.420        | 67    145         4.6         
BL_W150_T2.8_D18                   144         0.420        | 33    144         4.2         
BL_W130_T2.8_D12                   145         0.420        | 59    145         4.6         
BL_W150_T3.3_D18                   144         0.420        | 29    144         4.2         
BL_W90_T2.2_D10                    145         0.420        | 85    145         4.6         
BL_W90_T2.2_D12                    145         0.420        | 86    145         4.6         
BL_W130_T3.3_D18                   144         0.420        | 23    144         4.1         
BL_W130_T3.3_D12                   145         0.420        | 60    145         4.6         
BL_W130_T2.8_D18                   144         0.420        | 9     144         4.1         
BL_W110_T3.3_D18                   138         0.340        | 6     138         2.0         
BL_W110_T2.8_D18                   138         0.340        | 4     138         2.0         
BL_W60_T2.2_D16                    106         0.340        | 139   106         33.8        
BL_W30_T2.0_D15                    133         0.260        | 94    133         6.9         


=== DETAILED DETECTOR RESULTS ===

Detector: BL_W60_T1.8_D5
Best Detection: 112 mmHg (confidence: 0.660)
Top 10 readings:
  Rank  Pressure    Confidence  
  ------------------------------
  1     112         0.660
  2     106         0.580
  3     152         0.500
  4     101         0.500
  5     145         0.420
  6     95          0.420
  7     139         0.340
  8     90          0.340
  9     133         0.260
  10    86          0.260

Detector: BL_W60_T1.8_D10
Best Detection: 112 mmHg (confidence: 0.660)
Top 10 readings:
  Rank  Pressure    Confidence  
  ------------------------------
  1     112         0.660
  2     106         0.580
  3     101         0.500
  4     145         0.420
  5     95          0.420
  6     139         0.340
  7     90          0.340
  8     133         0.260
  9     86          0.260
  10    129         0.126

Detector: BL_W60_T1.8_D12
Best Detection: 112 mmHg (confidence: 0.660)
Top 10 readings:
  Rank  Pressure    Confidence  
  ------------------------------
  1     112         0.660
  2     106         0.580
  3     101         0.500
  4     145         0.420
  5     95          0.420
  6     139         0.340
  7     90          0.340
  8     133         0.260
  9     131         0.260
  10    86          0.260

Detector: BL_W60_T1.8_D16
Best Detection: 112 mmHg (confidence: 0.660)
Top 10 readings:
  Rank  Pressure    Confidence  
  ------------------------------
  1     112         0.660
  2     106         0.580
  3     101         0.500
  4     95          0.420
  5     90          0.340
  6     133         0.260
  7     86          0.260
  8     129         0.126
  9     81          0.126
  10    76          0.050

Detector: BL_W60_T1.9_D5
Best Detection: 111 mmHg (confidence: 0.660)
Top 10 readings:
  Rank  Pressure    Confidence  
  ------------------------------
  1     111         0.660
  2     106         0.580
  3     152         0.500
  4     101         0.500
  5     145         0.420
  6     95          0.420
  7     139         0.340
  8     90          0.340
  9     133         0.260
  10    86          0.260

Detector: BL_W60_T1.9_D10
Best Detection: 111 mmHg (confidence: 0.660)
Top 10 readings:
  Rank  Pressure    Confidence  
  ------------------------------
  1     111         0.660
  2     106         0.580
  3     101         0.500
  4     145         0.420
  5     95          0.420
  6     139         0.340
  7     90          0.340
  8     133         0.260
  9     86          0.260
  10    129         0.126

Detector: BL_W60_T1.9_D12
Best Detection: 111 mmHg (confidence: 0.660)
Top 10 readings:
  Rank  Pressure    Confidence  
  ------------------------------
  1     111         0.660
  2     106         0.580
  3     101         0.500
  4     145         0.420
  5     95          0.420
  6     139         0.340
  7     90          0.340
  8     133         0.260
  9     131         0.260
  10    86          0.260

Detector: BL_W60_T1.9_D16
Best Detection: 111 mmHg (confidence: 0.660)
Top 10 readings:
  Rank  Pressure    Confidence  
  ------------------------------
  1     111         0.660
  2     106         0.580
  3     101         0.500
  4     95          0.420
  5     90          0.340
  6     133         0.260
  7     86          0.260
  8     129         0.126
  9     81          0.126
  10    76          0.050

Detector: BL_W60_T2.0_D5
Best Detection: 111 mmHg (confidence: 0.660)
Top 10 readings:
  Rank  Pressure    Confidence  
  ------------------------------
  1     111         0.660
  2     106         0.580
  3     152         0.500
  4     101         0.500
  5     145         0.420
  6     95          0.420
  7     139         0.340
  8     90          0.340
  9     133         0.260
  10    86          0.260

Detector: BL_W60_T2.0_D10
Best Detection: 111 mmHg (confidence: 0.660)
Top 10 readings:
  Rank  Pressure    Confidence  
  ------------------------------
  1     111         0.660
  2     106         0.580
  3     101         0.500
  4     145         0.420
  5     95          0.420
  6     139         0.340
  7     90          0.340
  8     133         0.260
  9     86          0.260
  10    129         0.126

Detector: BL_W60_T2.0_D12
Best Detection: 111 mmHg (confidence: 0.660)
Top 10 readings:
  Rank  Pressure    Confidence  
  ------------------------------
  1     111         0.660
  2     106         0.580
  3     101         0.500
  4     145         0.420
  5     95          0.420
  6     139         0.340
  7     90          0.340
  8     133         0.260
  9     131         0.260
  10    86          0.260

Detector: BL_W60_T2.0_D16
Best Detection: 111 mmHg (confidence: 0.660)
Top 10 readings:
  Rank  Pressure    Confidence  
  ------------------------------
  1     111         0.660
  2     106         0.580
  3     101         0.500
  4     95          0.420
  5     90          0.340
  6     133         0.260
  7     86          0.260
  8     129         0.126
  9     81          0.126
  10    76          0.050

Detector: BL_W60_T2.2_D5
Best Detection: 152 mmHg (confidence: 0.500)
Top 10 readings:
  Rank  Pressure    Confidence  
  ------------------------------
  1     152         0.500
  2     145         0.420
  3     139         0.340
  4     106         0.340
  5     133         0.260
  6     101         0.260
  7     129         0.126
  8     95          0.126
  9     76          0.050
  10    167         0.010

Detector: BL_W60_T2.2_D10
Best Detection: 145 mmHg (confidence: 0.420)
Top 10 readings:
  Rank  Pressure    Confidence  
  ------------------------------
  1     145         0.420
  2     139         0.340
  3     106         0.340
  4     133         0.260
  5     101         0.260
  6     129         0.126
  7     95          0.126
  8     76          0.050
  9     123         0.010
  10    90          0.010

Detector: BL_W60_T2.2_D12
Best Detection: 145 mmHg (confidence: 0.420)
Top 10 readings:
  Rank  Pressure    Confidence  
  ------------------------------
  1     145         0.420
  2     139         0.340
  3     106         0.340
  4     133         0.260
  5     101         0.260
  6     129         0.126
  7     95          0.126
  8     76          0.050
  9     123         0.010
  10    90          0.010

Detector: BL_W60_T2.2_D16
Best Detection: 106 mmHg (confidence: 0.340)
Top 10 readings:
  Rank  Pressure    Confidence  
  ------------------------------
  1     106         0.340
  2     133         0.260
  3     101         0.260
  4     129         0.126
  5     95          0.126
  6     76          0.050
  7     123         0.010
  8     90          0.010

Detector: BL_W70_T1.8_D5
Best Detection: 161 mmHg (confidence: 1.200)
Top 10 readings:
  Rank  Pressure    Confidence  
  ------------------------------
  1     161         1.200
  2     153         1.200
  3     151         1.200
  4     145         1.140
  5     139         1.060
  6     133         0.980
  7     130         0.980
  8     129         0.900
  9     124         0.820
  10    117         0.740

Detector: BL_W70_T1.8_D10
Best Detection: 145 mmHg (confidence: 1.140)
Top 10 readings:
  Rank  Pressure    Confidence  
  ------------------------------
  1     145         1.140
  2     139         1.060
  3     133         0.980
  4     131         0.980
  5     129         0.900
  6     124         0.820
  7     117         0.740
  8     112         0.660
  9     106         0.580
  10    102         0.500

Detector: BL_W70_T1.8_D12
Best Detection: 145 mmHg (confidence: 1.140)
Top 10 readings:
  Rank  Pressure    Confidence  
  ------------------------------
  1     145         1.140
  2     139         1.060
  3     133         0.980
  4     131         0.980
  5     129         0.900
  6     124         0.820
  7     117         0.740
  8     112         0.660
  9     106         0.580
  10    102         0.500

Detector: BL_W70_T1.8_D16
Best Detection: 133 mmHg (confidence: 0.980)
Top 10 readings:
  Rank  Pressure    Confidence  
  ------------------------------
  1     133         0.980
  2     130         0.980
  3     129         0.900
  4     124         0.820
  5     117         0.740
  6     112         0.660
  7     106         0.580
  8     102         0.500
  9     95          0.420
  10    90          0.340

Detector: BL_W70_T1.9_D5
Best Detection: 161 mmHg (confidence: 1.200)
Top 10 readings:
  Rank  Pressure    Confidence  
  ------------------------------
  1     161         1.200
  2     153         1.200
  3     151         1.200
  4     145         1.140
  5     139         1.060
  6     133         0.980
  7     129         0.900
  8     124         0.820
  9     117         0.740
  10    112         0.660

Detector: BL_W70_T1.9_D10
Best Detection: 145 mmHg (confidence: 1.140)
Top 10 readings:
  Rank  Pressure    Confidence  
  ------------------------------
  1     145         1.140
  2     139         1.060
  3     133         0.980
  4     131         0.980
  5     129         0.900
  6     124         0.820
  7     117         0.740
  8     112         0.660
  9     106         0.580
  10    101         0.500

Detector: BL_W70_T1.9_D12
Best Detection: 145 mmHg (confidence: 1.140)
Top 10 readings:
  Rank  Pressure    Confidence  
  ------------------------------
  1     145         1.140
  2     139         1.060
  3     133         0.980
  4     131         0.980
  5     129         0.900
  6     124         0.820
  7     117         0.740
  8     112         0.660
  9     106         0.580
  10    101         0.500

Detector: BL_W70_T1.9_D16
Best Detection: 133 mmHg (confidence: 0.980)
Top 10 readings:
  Rank  Pressure    Confidence  
  ------------------------------
  1     133         0.980
  2     129         0.900
  3     124         0.820
  4     117         0.740
  5     112         0.660
  6     106         0.580
  7     101         0.500
  8     95          0.420
  9     90          0.340
  10    86          0.260

Detector: BL_W70_T2.0_D5
Best Detection: 112 mmHg (confidence: 0.660)
Top 10 readings:
  Rank  Pressure    Confidence  
  ------------------------------
  1     112         0.660
  2     161         0.580
  3     106         0.580
  4     153         0.500
  5     151         0.500
  6     101         0.500
  7     145         0.420
  8     95          0.420
  9     139         0.340
  10    90          0.340

Detector: BL_W70_T2.0_D10
Best Detection: 112 mmHg (confidence: 0.660)
Top 10 readings:
  Rank  Pressure    Confidence  
  ------------------------------
  1     112         0.660
  2     106         0.580
  3     101         0.500
  4     145         0.420
  5     95          0.420
  6     139         0.340
  7     90          0.340
  8     133         0.260
  9     131         0.260
  10    86          0.260

Detector: BL_W70_T2.0_D12
Best Detection: 112 mmHg (confidence: 0.660)
Top 10 readings:
  Rank  Pressure    Confidence  
  ------------------------------
  1     112         0.660
  2     106         0.580
  3     101         0.500
  4     145         0.420
  5     95          0.420
  6     139         0.340
  7     90          0.340
  8     133         0.260
  9     131         0.260
  10    86          0.260

Detector: BL_W70_T2.0_D16
Best Detection: 112 mmHg (confidence: 0.660)
Top 10 readings:
  Rank  Pressure    Confidence  
  ------------------------------
  1     112         0.660
  2     106         0.580
  3     101         0.500
  4     95          0.420
  5     90          0.340
  6     133         0.260
  7     86          0.260
  8     129         0.126
  9     81          0.126
  10    76          0.050

Detector: BL_W70_T2.2_D5
Best Detection: 111 mmHg (confidence: 0.660)
Top 10 readings:
  Rank  Pressure    Confidence  
  ------------------------------
  1     111         0.660
  2     161         0.580
  3     106         0.580
  4     153         0.500
  5     151         0.500
  6     101         0.500
  7     145         0.420
  8     95          0.420
  9     139         0.340
  10    90          0.340

Detector: BL_W70_T2.2_D10
Best Detection: 111 mmHg (confidence: 0.660)
Top 10 readings:
  Rank  Pressure    Confidence  
  ------------------------------
  1     111         0.660
  2     106         0.580
  3     101         0.500
  4     145         0.420
  5     95          0.420
  6     139         0.340
  7     90          0.340
  8     133         0.260
  9     131         0.260
  10    86          0.260

Detector: BL_W70_T2.2_D12
Best Detection: 111 mmHg (confidence: 0.660)
Top 10 readings:
  Rank  Pressure    Confidence  
  ------------------------------
  1     111         0.660
  2     106         0.580
  3     101         0.500
  4     145         0.420
  5     95          0.420
  6     139         0.340
  7     90          0.340
  8     133         0.260
  9     131         0.260
  10    86          0.260

Detector: BL_W70_T2.2_D16
Best Detection: 111 mmHg (confidence: 0.660)
Top 10 readings:
  Rank  Pressure    Confidence  
  ------------------------------
  1     111         0.660
  2     106         0.580
  3     101         0.500
  4     95          0.420
  5     90          0.340
  6     133         0.260
  7     86          0.260
  8     129         0.126
  9     81          0.126
  10    76          0.050

Detector: BL_W80_T1.8_D5
Best Detection: 145 mmHg (confidence: 1.140)
Top 10 readings:
  Rank  Pressure    Confidence  
  ------------------------------
  1     145         1.140
  2     143         1.140
  3     139         1.060
  4     133         0.980
  5     130         0.980
  6     129         0.900
  7     124         0.820
  8     117         0.740
  9     112         0.660
  10    106         0.580

Detector: BL_W80_T1.8_D10
Best Detection: 145 mmHg (confidence: 1.140)
Top 10 readings:
  Rank  Pressure    Confidence  
  ------------------------------
  1     145         1.140
  2     139         1.060
  3     133         0.980
  4     131         0.980
  5     129         0.900
  6     124         0.820
  7     117         0.740
  8     112         0.660
  9     106         0.580
  10    102         0.500

Detector: BL_W80_T1.8_D12
Best Detection: 145 mmHg (confidence: 1.140)
Top 10 readings:
  Rank  Pressure    Confidence  
  ------------------------------
  1     145         1.140
  2     139         1.060
  3     133         0.980
  4     131         0.980
  5     129         0.900
  6     124         0.820
  7     117         0.740
  8     112         0.660
  9     106         0.580
  10    102         0.500

Detector: BL_W80_T1.8_D16
Best Detection: 144 mmHg (confidence: 1.140)
Top 10 readings:
  Rank  Pressure    Confidence  
  ------------------------------
  1     144         1.140
  2     138         1.060
  3     133         0.980
  4     130         0.980
  5     129         0.900
  6     124         0.820
  7     117         0.740
  8     112         0.660
  9     106         0.580
  10    102         0.500

Detector: BL_W80_T1.9_D5
Best Detection: 145 mmHg (confidence: 1.140)
Top 10 readings:
  Rank  Pressure    Confidence  
  ------------------------------
  1     145         1.140
  2     143         1.140
  3     139         1.060
  4     133         0.980
  5     130         0.980
  6     129         0.900
  7     124         0.820
  8     117         0.740
  9     112         0.660
  10    106         0.580

Detector: BL_W80_T1.9_D10
Best Detection: 145 mmHg (confidence: 1.140)
Top 10 readings:
  Rank  Pressure    Confidence  
  ------------------------------
  1     145         1.140
  2     139         1.060
  3     133         0.980
  4     131         0.980
  5     129         0.900
  6     124         0.820
  7     117         0.740
  8     112         0.660
  9     106         0.580
  10    101         0.500

Detector: BL_W80_T1.9_D12
Best Detection: 145 mmHg (confidence: 1.140)
Top 10 readings:
  Rank  Pressure    Confidence  
  ------------------------------
  1     145         1.140
  2     139         1.060
  3     133         0.980
  4     131         0.980
  5     129         0.900
  6     124         0.820
  7     117         0.740
  8     112         0.660
  9     106         0.580
  10    101         0.500

Detector: BL_W80_T1.9_D16
Best Detection: 144 mmHg (confidence: 1.140)
Top 10 readings:
  Rank  Pressure    Confidence  
  ------------------------------
  1     144         1.140
  2     138         1.060
  3     133         0.980
  4     130         0.980
  5     129         0.900
  6     124         0.820
  7     117         0.740
  8     112         0.660
  9     106         0.580
  10    101         0.500

Detector: BL_W80_T2.0_D5
Best Detection: 145 mmHg (confidence: 1.140)
Top 10 readings:
  Rank  Pressure    Confidence  
  ------------------------------
  1     145         1.140
  2     139         1.060
  3     133         0.980
  4     129         0.900
  5     124         0.820
  6     117         0.740
  7     111         0.660
  8     106         0.580
  9     101         0.500
  10    95          0.420

Detector: BL_W80_T2.0_D10
Best Detection: 145 mmHg (confidence: 1.140)
Top 10 readings:
  Rank  Pressure    Confidence  
  ------------------------------
  1     145         1.140
  2     139         1.060
  3     133         0.980
  4     131         0.980
  5     129         0.900
  6     124         0.820
  7     117         0.740
  8     111         0.660
  9     106         0.580
  10    101         0.500

Detector: BL_W80_T2.0_D12
Best Detection: 145 mmHg (confidence: 1.140)
Top 10 readings:
  Rank  Pressure    Confidence  
  ------------------------------
  1     145         1.140
  2     139         1.060
  3     133         0.980
  4     131         0.980
  5     129         0.900
  6     124         0.820
  7     117         0.740
  8     111         0.660
  9     106         0.580
  10    101         0.500

Detector: BL_W80_T2.0_D16
Best Detection: 144 mmHg (confidence: 1.140)
Top 10 readings:
  Rank  Pressure    Confidence  
  ------------------------------
  1     144         1.140
  2     138         1.060
  3     133         0.980
  4     129         0.900
  5     124         0.820
  6     117         0.740
  7     111         0.660
  8     106         0.580
  9     101         0.500
  10    95          0.420

Detector: BL_W80_T2.2_D5
Best Detection: 106 mmHg (confidence: 0.580)
Top 10 readings:
  Rank  Pressure    Confidence  
  ------------------------------
  1     106         0.580
  2     101         0.500
  3     145         0.420
  4     95          0.420
  5     139         0.340
  6     90          0.340
  7     133         0.260
  8     86          0.260
  9     161         0.126
  10    129         0.126

Detector: BL_W80_T2.2_D10
Best Detection: 106 mmHg (confidence: 0.580)
Top 10 readings:
  Rank  Pressure    Confidence  
  ------------------------------
  1     106         0.580
  2     101         0.500
  3     145         0.420
  4     95          0.420
  5     139         0.340
  6     90          0.340
  7     133         0.260
  8     131         0.260
  9     86          0.260
  10    129         0.126

Detector: BL_W80_T2.2_D12
Best Detection: 106 mmHg (confidence: 0.580)
Top 10 readings:
  Rank  Pressure    Confidence  
  ------------------------------
  1     106         0.580
  2     101         0.500
  3     145         0.420
  4     95          0.420
  5     139         0.340
  6     90          0.340
  7     133         0.260
  8     131         0.260
  9     86          0.260
  10    129         0.126

Detector: BL_W80_T2.2_D16
Best Detection: 106 mmHg (confidence: 0.580)
Top 10 readings:
  Rank  Pressure    Confidence  
  ------------------------------
  1     106         0.580
  2     101         0.500
  3     144         0.420
  4     95          0.420
  5     138         0.340
  6     90          0.340
  7     133         0.260
  8     86          0.260
  9     129         0.126
  10    81          0.126

Detector: BL_W90_T1.8_D5
Best Detection: 153 mmHg (confidence: 1.200)
Top 10 readings:
  Rank  Pressure    Confidence  
  ------------------------------
  1     153         1.200
  2     145         1.140
  3     143         1.140
  4     139         1.060
  5     133         0.980
  6     130         0.980
  7     129         0.900
  8     124         0.820
  9     117         0.740
  10    112         0.660

Detector: BL_W90_T1.8_D10
Best Detection: 145 mmHg (confidence: 1.140)
Top 10 readings:
  Rank  Pressure    Confidence  
  ------------------------------
  1     145         1.140
  2     139         1.060
  3     137         1.060
  4     133         0.980
  5     131         0.980
  6     129         0.900
  7     124         0.820
  8     117         0.740
  9     112         0.660
  10    106         0.580

Detector: BL_W90_T1.8_D12
Best Detection: 145 mmHg (confidence: 1.140)
Top 10 readings:
  Rank  Pressure    Confidence  
  ------------------------------
  1     145         1.140
  2     139         1.060
  3     133         0.980
  4     131         0.980
  5     129         0.900
  6     124         0.820
  7     117         0.740
  8     112         0.660
  9     106         0.580
  10    101         0.500

Detector: BL_W90_T1.8_D16
Best Detection: 144 mmHg (confidence: 1.140)
Top 10 readings:
  Rank  Pressure    Confidence  
  ------------------------------
  1     144         1.140
  2     138         1.060
  3     133         0.980
  4     130         0.980
  5     129         0.900
  6     124         0.820
  7     117         0.740
  8     112         0.660
  9     106         0.580
  10    101         0.500

Detector: BL_W90_T1.9_D5
Best Detection: 153 mmHg (confidence: 1.200)
Top 10 readings:
  Rank  Pressure    Confidence  
  ------------------------------
  1     153         1.200
  2     145         1.140
  3     143         1.140
  4     139         1.060
  5     133         0.980
  6     130         0.980
  7     129         0.900
  8     124         0.820
  9     117         0.740
  10    112         0.660

Detector: BL_W90_T1.9_D10
Best Detection: 145 mmHg (confidence: 1.140)
Top 10 readings:
  Rank  Pressure    Confidence  
  ------------------------------
  1     145         1.140
  2     139         1.060
  3     137         1.060
  4     133         0.980
  5     131         0.980
  6     129         0.900
  7     124         0.820
  8     117         0.740
  9     112         0.660
  10    106         0.580

Detector: BL_W90_T1.9_D12
Best Detection: 145 mmHg (confidence: 1.140)
Top 10 readings:
  Rank  Pressure    Confidence  
  ------------------------------
  1     145         1.140
  2     139         1.060
  3     133         0.980
  4     131         0.980
  5     129         0.900
  6     124         0.820
  7     117         0.740
  8     112         0.660
  9     106         0.580
  10    101         0.500

Detector: BL_W90_T1.9_D16
Best Detection: 144 mmHg (confidence: 1.140)
Top 10 readings:
  Rank  Pressure    Confidence  
  ------------------------------
  1     144         1.140
  2     138         1.060
  3     133         0.980
  4     130         0.980
  5     129         0.900
  6     124         0.820
  7     117         0.740
  8     112         0.660
  9     106         0.580
  10    101         0.500

Detector: BL_W90_T2.0_D5
Best Detection: 153 mmHg (confidence: 1.200)
Top 10 readings:
  Rank  Pressure    Confidence  
  ------------------------------
  1     153         1.200
  2     145         1.140
  3     143         1.140
  4     139         1.060
  5     133         0.980
  6     130         0.980
  7     129         0.900
  8     124         0.820
  9     117         0.740
  10    111         0.660

Detector: BL_W90_T2.0_D10
Best Detection: 145 mmHg (confidence: 1.140)
Top 10 readings:
  Rank  Pressure    Confidence  
  ------------------------------
  1     145         1.140
  2     139         1.060
  3     137         1.060
  4     133         0.980
  5     131         0.980
  6     129         0.900
  7     124         0.820
  8     117         0.740
  9     111         0.660
  10    106         0.580

Detector: BL_W90_T2.0_D12
Best Detection: 145 mmHg (confidence: 1.140)
Top 10 readings:
  Rank  Pressure    Confidence  
  ------------------------------
  1     145         1.140
  2     139         1.060
  3     133         0.980
  4     131         0.980
  5     129         0.900
  6     124         0.820
  7     117         0.740
  8     111         0.660
  9     106         0.580
  10    101         0.500

Detector: BL_W90_T2.0_D16
Best Detection: 144 mmHg (confidence: 1.140)
Top 10 readings:
  Rank  Pressure    Confidence  
  ------------------------------
  1     144         1.140
  2     138         1.060
  3     133         0.980
  4     130         0.980
  5     129         0.900
  6     124         0.820
  7     117         0.740
  8     111         0.660
  9     106         0.580
  10    101         0.500

Detector: BL_W90_T2.2_D5
Best Detection: 153 mmHg (confidence: 0.500)
Top 10 readings:
  Rank  Pressure    Confidence  
  ------------------------------
  1     153         0.500
  2     145         0.420
  3     106         0.420
  4     139         0.340
  5     101         0.340
  6     133         0.260
  7     95          0.260
  8     129         0.126
  9     90          0.126
  10    76          0.050

Detector: BL_W90_T2.2_D10
Best Detection: 145 mmHg (confidence: 0.420)
Top 10 readings:
  Rank  Pressure    Confidence  
  ------------------------------
  1     145         0.420
  2     106         0.420
  3     139         0.340
  4     137         0.340
  5     101         0.340
  6     133         0.260
  7     131         0.260
  8     95          0.260
  9     129         0.126
  10    90          0.126

Detector: BL_W90_T2.2_D12
Best Detection: 145 mmHg (confidence: 0.420)
Top 10 readings:
  Rank  Pressure    Confidence  
  ------------------------------
  1     145         0.420
  2     106         0.420
  3     139         0.340
  4     101         0.340
  5     133         0.260
  6     131         0.260
  7     95          0.260
  8     129         0.126
  9     90          0.126
  10    76          0.050

Detector: BL_W90_T2.2_D16
Best Detection: 144 mmHg (confidence: 0.420)
Top 10 readings:
  Rank  Pressure    Confidence  
  ------------------------------
  1     144         0.420
  2     106         0.420
  3     138         0.340
  4     101         0.340
  5     133         0.260
  6     95          0.260
  7     129         0.126
  8     90          0.126
  9     76          0.050
  10    124         0.010

Detector: BL_W100_T1.8_D5
Best Detection: 152 mmHg (confidence: 1.200)
Top 10 readings:
  Rank  Pressure    Confidence  
  ------------------------------
  1     152         1.200
  2     145         1.140
  3     143         1.140
  4     139         1.060
  5     133         0.980
  6     130         0.980
  7     129         0.900
  8     124         0.820
  9     117         0.740
  10    112         0.660

Detector: BL_W100_T1.8_D10
Best Detection: 151 mmHg (confidence: 1.200)
Top 10 readings:
  Rank  Pressure    Confidence  
  ------------------------------
  1     151         1.200
  2     145         1.140
  3     139         1.060
  4     137         1.060
  5     133         0.980
  6     131         0.980
  7     129         0.900
  8     124         0.820
  9     117         0.740
  10    112         0.660

Detector: BL_W100_T1.8_D12
Best Detection: 145 mmHg (confidence: 1.140)
Top 10 readings:
  Rank  Pressure    Confidence  
  ------------------------------
  1     145         1.140
  2     139         1.060
  3     133         0.980
  4     131         0.980
  5     129         0.900
  6     124         0.820
  7     117         0.740
  8     112         0.660
  9     106         0.580
  10    102         0.500

Detector: BL_W100_T1.8_D16
Best Detection: 144 mmHg (confidence: 1.140)
Top 10 readings:
  Rank  Pressure    Confidence  
  ------------------------------
  1     144         1.140
  2     139         1.060
  3     133         0.980
  4     130         0.980
  5     129         0.900
  6     124         0.820
  7     117         0.740
  8     112         0.660
  9     106         0.580
  10    102         0.500

Detector: BL_W100_T1.9_D5
Best Detection: 151 mmHg (confidence: 1.200)
Top 10 readings:
  Rank  Pressure    Confidence  
  ------------------------------
  1     151         1.200
  2     145         1.140
  3     143         1.140
  4     139         1.060
  5     133         0.980
  6     130         0.980
  7     129         0.900
  8     124         0.820
  9     117         0.740
  10    112         0.660

Detector: BL_W100_T1.9_D10
Best Detection: 151 mmHg (confidence: 1.200)
Top 10 readings:
  Rank  Pressure    Confidence  
  ------------------------------
  1     151         1.200
  2     145         1.140
  3     139         1.060
  4     137         1.060
  5     133         0.980
  6     131         0.980
  7     129         0.900
  8     124         0.820
  9     117         0.740
  10    112         0.660

Detector: BL_W100_T1.9_D12
Best Detection: 145 mmHg (confidence: 1.140)
Top 10 readings:
  Rank  Pressure    Confidence  
  ------------------------------
  1     145         1.140
  2     139         1.060
  3     133         0.980
  4     131         0.980
  5     129         0.900
  6     124         0.820
  7     117         0.740
  8     112         0.660
  9     106         0.580
  10    101         0.500

Detector: BL_W100_T1.9_D16
Best Detection: 144 mmHg (confidence: 1.140)
Top 10 readings:
  Rank  Pressure    Confidence  
  ------------------------------
  1     144         1.140
  2     139         1.060
  3     133         0.980
  4     130         0.980
  5     129         0.900
  6     124         0.820
  7     117         0.740
  8     112         0.660
  9     106         0.580
  10    101         0.500

Detector: BL_W100_T2.0_D5
Best Detection: 145 mmHg (confidence: 1.140)
Top 10 readings:
  Rank  Pressure    Confidence  
  ------------------------------
  1     145         1.140
  2     143         1.140
  3     139         1.060
  4     133         0.980
  5     130         0.980
  6     129         0.900
  7     124         0.820
  8     117         0.740
  9     112         0.660
  10    106         0.580

Detector: BL_W100_T2.0_D10
Best Detection: 151 mmHg (confidence: 1.200)
Top 10 readings:
  Rank  Pressure    Confidence  
  ------------------------------
  1     151         1.200
  2     145         1.140
  3     139         1.060
  4     137         1.060
  5     133         0.980
  6     131         0.980
  7     129         0.900
  8     124         0.820
  9     117         0.740
  10    112         0.660

Detector: BL_W100_T2.0_D12
Best Detection: 145 mmHg (confidence: 1.140)
Top 10 readings:
  Rank  Pressure    Confidence  
  ------------------------------
  1     145         1.140
  2     139         1.060
  3     133         0.980
  4     131         0.980
  5     129         0.900
  6     124         0.820
  7     117         0.740
  8     112         0.660
  9     106         0.580
  10    101         0.500

Detector: BL_W100_T2.0_D16
Best Detection: 144 mmHg (confidence: 1.140)
Top 10 readings:
  Rank  Pressure    Confidence  
  ------------------------------
  1     144         1.140
  2     139         1.060
  3     133         0.980
  4     130         0.980
  5     129         0.900
  6     124         0.820
  7     117         0.740
  8     112         0.660
  9     106         0.580
  10    101         0.500

Detector: BL_W100_T2.2_D5
Best Detection: 145 mmHg (confidence: 1.140)
Top 10 readings:
  Rank  Pressure    Confidence  
  ------------------------------
  1     145         1.140
  2     139         1.060
  3     133         0.980
  4     130         0.980
  5     129         0.900
  6     124         0.820
  7     117         0.740
  8     111         0.660
  9     106         0.580
  10    101         0.500

Detector: BL_W100_T2.2_D10
Best Detection: 151 mmHg (confidence: 1.200)
Top 10 readings:
  Rank  Pressure    Confidence  
  ------------------------------
  1     151         1.200
  2     145         1.140
  3     139         1.060
  4     137         1.060
  5     133         0.980
  6     131         0.980
  7     129         0.900
  8     124         0.820
  9     117         0.740
  10    111         0.660

Detector: BL_W100_T2.2_D12
Best Detection: 145 mmHg (confidence: 1.140)
Top 10 readings:
  Rank  Pressure    Confidence  
  ------------------------------
  1     145         1.140
  2     139         1.060
  3     133         0.980
  4     131         0.980
  5     129         0.900
  6     124         0.820
  7     117         0.740
  8     111         0.660
  9     106         0.580
  10    101         0.500

Detector: BL_W100_T2.2_D16
Best Detection: 144 mmHg (confidence: 1.140)
Top 10 readings:
  Rank  Pressure    Confidence  
  ------------------------------
  1     144         1.140
  2     139         1.060
  3     133         0.980
  4     130         0.980
  5     129         0.900
  6     124         0.820
  7     117         0.740
  8     111         0.660
  9     106         0.580
  10    101         0.500

Detector: BL_W110_T2.0_D12
Best Detection: 145 mmHg (confidence: 1.140)
Top 10 readings:
  Rank  Pressure    Confidence  
  ------------------------------
  1     145         1.140
  2     139         1.060
  3     133         0.980
  4     131         0.980
  5     129         0.900
  6     124         0.820
  7     117         0.740
  8     112         0.660
  9     106         0.580
  10    101         0.500

Detector: BL_W110_T2.0_D18
Best Detection: 138 mmHg (confidence: 1.060)
Top 10 readings:
  Rank  Pressure    Confidence  
  ------------------------------
  1     138         1.060
  2     133         0.980
  3     130         0.980
  4     129         0.900
  5     124         0.820
  6     117         0.740
  7     112         0.660
  8     106         0.580
  9     101         0.500
  10    95          0.420

Detector: BL_W110_T2.4_D12
Best Detection: 145 mmHg (confidence: 0.420)
Top 10 readings:
  Rank  Pressure    Confidence  
  ------------------------------
  1     145         0.420
  2     106         0.420
  3     139         0.340
  4     101         0.340
  5     133         0.260
  6     131         0.260
  7     95          0.260
  8     129         0.126
  9     90          0.126
  10    76          0.050

Detector: BL_W110_T2.4_D18
Best Detection: 106 mmHg (confidence: 0.420)
Top 10 readings:
  Rank  Pressure    Confidence  
  ------------------------------
  1     106         0.420
  2     138         0.340
  3     101         0.340
  4     133         0.260
  5     95          0.260
  6     129         0.126
  7     90          0.126
  8     76          0.050
  9     124         0.010
  10    86          0.010

Detector: BL_W110_T2.8_D12
Best Detection: 145 mmHg (confidence: 0.420)
Top 10 readings:
  Rank  Pressure    Confidence  
  ------------------------------
  1     145         0.420
  2     139         0.340
  3     133         0.260
  4     131         0.260
  5     129         0.126
  6     101         0.050
  7     123         0.010

Detector: BL_W110_T2.8_D18
Best Detection: 138 mmHg (confidence: 0.340)
Top 10 readings:
  Rank  Pressure    Confidence  
  ------------------------------
  1     138         0.340
  2     133         0.260
  3     129         0.126
  4     101         0.050
  5     123         0.010

Detector: BL_W110_T3.3_D12
Best Detection: 145 mmHg (confidence: 0.420)
Top 10 readings:
  Rank  Pressure    Confidence  
  ------------------------------
  1     145         0.420
  2     139         0.340
  3     133         0.260
  4     129         0.126
  5     123         0.050

Detector: BL_W110_T3.3_D18
Best Detection: 138 mmHg (confidence: 0.340)
Top 10 readings:
  Rank  Pressure    Confidence  
  ------------------------------
  1     138         0.340
  2     133         0.260
  3     129         0.126
  4     123         0.050

Detector: BL_W120_T2.0_D12
Best Detection: 145 mmHg (confidence: 1.140)
Top 10 readings:
  Rank  Pressure    Confidence  
  ------------------------------
  1     145         1.140
  2     139         1.060
  3     133         0.980
  4     131         0.980
  5     129         0.900
  6     124         0.820
  7     117         0.740
  8     112         0.660
  9     106         0.580
  10    101         0.500

Detector: BL_W120_T2.0_D18
Best Detection: 144 mmHg (confidence: 1.140)
Top 10 readings:
  Rank  Pressure    Confidence  
  ------------------------------
  1     144         1.140
  2     138         1.060
  3     133         0.980
  4     130         0.980
  5     129         0.900
  6     124         0.820
  7     117         0.740
  8     112         0.660
  9     106         0.580
  10    101         0.500

Detector: BL_W120_T2.4_D12
Best Detection: 145 mmHg (confidence: 0.500)
Top 10 readings:
  Rank  Pressure    Confidence  
  ------------------------------
  1     145         0.500
  2     139         0.420
  3     106         0.420
  4     133         0.340
  5     131         0.340
  6     101         0.340
  7     129         0.260
  8     95          0.260
  9     124         0.126
  10    90          0.126

Detector: BL_W120_T2.4_D18
Best Detection: 144 mmHg (confidence: 0.500)
Top 10 readings:
  Rank  Pressure    Confidence  
  ------------------------------
  1     144         0.500
  2     138         0.420
  3     106         0.420
  4     133         0.340
  5     130         0.340
  6     101         0.340
  7     129         0.260
  8     95          0.260
  9     124         0.126
  10    90          0.126

Detector: BL_W120_T2.8_D12
Best Detection: 145 mmHg (confidence: 0.420)
Top 10 readings:
  Rank  Pressure    Confidence  
  ------------------------------
  1     145         0.420
  2     139         0.340
  3     133         0.260
  4     131         0.260
  5     129         0.126
  6     123         0.050

Detector: BL_W120_T2.8_D18
Best Detection: 144 mmHg (confidence: 0.420)
Top 10 readings:
  Rank  Pressure    Confidence  
  ------------------------------
  1     144         0.420
  2     138         0.340
  3     133         0.260
  4     129         0.126
  5     123         0.050

Detector: BL_W120_T3.3_D12
Best Detection: 145 mmHg (confidence: 0.420)
Top 10 readings:
  Rank  Pressure    Confidence  
  ------------------------------
  1     145         0.420
  2     139         0.340
  3     133         0.260
  4     129         0.126
  5     123         0.050

Detector: BL_W120_T3.3_D18
Best Detection: 144 mmHg (confidence: 0.420)
Top 10 readings:
  Rank  Pressure    Confidence  
  ------------------------------
  1     144         0.420
  2     138         0.340
  3     133         0.260
  4     129         0.126
  5     123         0.050

Detector: BL_W130_T2.0_D12
Best Detection: 145 mmHg (confidence: 1.140)
Top 10 readings:
  Rank  Pressure    Confidence  
  ------------------------------
  1     145         1.140
  2     139         1.060
  3     133         0.980
  4     131         0.980
  5     129         0.900
  6     125         0.900
  7     124         0.820
  8     117         0.740
  9     112         0.660
  10    106         0.580

Detector: BL_W130_T2.0_D18
Best Detection: 144 mmHg (confidence: 1.140)
Top 10 readings:
  Rank  Pressure    Confidence  
  ------------------------------
  1     144         1.140
  2     138         1.060
  3     133         0.980
  4     130         0.980
  5     129         0.900
  6     125         0.900
  7     124         0.820
  8     117         0.740
  9     112         0.660
  10    106         0.580

Detector: BL_W130_T2.4_D12
Best Detection: 145 mmHg (confidence: 0.980)
Top 10 readings:
  Rank  Pressure    Confidence  
  ------------------------------
  1     145         0.980
  2     139         0.900
  3     133         0.820
  4     131         0.820
  5     129         0.740
  6     124         0.660
  7     117         0.580
  8     111         0.500
  9     106         0.420
  10    101         0.340

Detector: BL_W130_T2.4_D18
Best Detection: 144 mmHg (confidence: 0.980)
Top 10 readings:
  Rank  Pressure    Confidence  
  ------------------------------
  1     144         0.980
  2     138         0.900
  3     133         0.820
  4     130         0.820
  5     129         0.740
  6     124         0.660
  7     117         0.580
  8     111         0.500
  9     106         0.420
  10    101         0.340

Detector: BL_W130_T2.8_D12
Best Detection: 145 mmHg (confidence: 0.420)
Top 10 readings:
  Rank  Pressure    Confidence  
  ------------------------------
  1     145         0.420
  2     139         0.340
  3     133         0.260
  4     131         0.260
  5     129         0.126
  6     101         0.126
  7     95          0.050
  8     123         0.010

Detector: BL_W130_T2.8_D18
Best Detection: 144 mmHg (confidence: 0.420)
Top 10 readings:
  Rank  Pressure    Confidence  
  ------------------------------
  1     144         0.420
  2     138         0.340
  3     133         0.260
  4     129         0.126
  5     101         0.126
  6     95          0.050
  7     123         0.010

Detector: BL_W130_T3.3_D12
Best Detection: 145 mmHg (confidence: 0.420)
Top 10 readings:
  Rank  Pressure    Confidence  
  ------------------------------
  1     145         0.420
  2     139         0.340
  3     133         0.260
  4     129         0.126
  5     123         0.050

Detector: BL_W130_T3.3_D18
Best Detection: 144 mmHg (confidence: 0.420)
Top 10 readings:
  Rank  Pressure    Confidence  
  ------------------------------
  1     144         0.420
  2     138         0.340
  3     133         0.260
  4     129         0.126
  5     123         0.050

Detector: BL_W140_T2.0_D12
Best Detection: 145 mmHg (confidence: 1.140)
Top 10 readings:
  Rank  Pressure    Confidence  
  ------------------------------
  1     145         1.140
  2     139         1.060
  3     137         1.060
  4     133         0.980
  5     131         0.980
  6     129         0.900
  7     125         0.900
  8     124         0.820
  9     117         0.740
  10    112         0.660

Detector: BL_W140_T2.0_D18
Best Detection: 144 mmHg (confidence: 1.140)
Top 10 readings:
  Rank  Pressure    Confidence  
  ------------------------------
  1     144         1.140
  2     138         1.060
  3     133         0.980
  4     130         0.980
  5     129         0.900
  6     125         0.900
  7     124         0.820
  8     117         0.740
  9     112         0.660
  10    106         0.580

Detector: BL_W140_T2.4_D12
Best Detection: 145 mmHg (confidence: 0.980)
Top 10 readings:
  Rank  Pressure    Confidence  
  ------------------------------
  1     145         0.980
  2     139         0.900
  3     137         0.900
  4     133         0.820
  5     131         0.820
  6     129         0.740
  7     124         0.660
  8     117         0.580
  9     111         0.500
  10    106         0.420

Detector: BL_W140_T2.4_D18
Best Detection: 144 mmHg (confidence: 0.980)
Top 10 readings:
  Rank  Pressure    Confidence  
  ------------------------------
  1     144         0.980
  2     138         0.900
  3     133         0.820
  4     130         0.820
  5     129         0.740
  6     124         0.660
  7     117         0.580
  8     111         0.500
  9     106         0.420
  10    101         0.340

Detector: BL_W140_T2.8_D12
Best Detection: 145 mmHg (confidence: 0.420)
Top 10 readings:
  Rank  Pressure    Confidence  
  ------------------------------
  1     145         0.420
  2     139         0.340
  3     137         0.340
  4     133         0.260
  5     131         0.260
  6     129         0.126
  7     101         0.126
  8     95          0.050
  9     124         0.010

Detector: BL_W140_T2.8_D18
Best Detection: 144 mmHg (confidence: 0.420)
Top 10 readings:
  Rank  Pressure    Confidence  
  ------------------------------
  1     144         0.420
  2     138         0.340
  3     133         0.260
  4     129         0.126
  5     101         0.126
  6     95          0.050
  7     124         0.010

Detector: BL_W140_T3.3_D12
Best Detection: 145 mmHg (confidence: 0.420)
Top 10 readings:
  Rank  Pressure    Confidence  
  ------------------------------
  1     145         0.420
  2     139         0.340
  3     137         0.340
  4     133         0.260
  5     131         0.260
  6     129         0.126
  7     123         0.050

Detector: BL_W140_T3.3_D18
Best Detection: 144 mmHg (confidence: 0.420)
Top 10 readings:
  Rank  Pressure    Confidence  
  ------------------------------
  1     144         0.420
  2     138         0.340
  3     133         0.260
  4     129         0.126
  5     123         0.050

Detector: BL_W150_T2.0_D12
Best Detection: 145 mmHg (confidence: 1.140)
Top 10 readings:
  Rank  Pressure    Confidence  
  ------------------------------
  1     145         1.140
  2     139         1.060
  3     137         1.060
  4     133         0.980
  5     131         0.980
  6     129         0.900
  7     125         0.900
  8     124         0.820
  9     117         0.740
  10    112         0.660

Detector: BL_W150_T2.0_D18
Best Detection: 144 mmHg (confidence: 1.140)
Top 10 readings:
  Rank  Pressure    Confidence  
  ------------------------------
  1     144         1.140
  2     139         1.060
  3     133         0.980
  4     130         0.980
  5     129         0.900
  6     125         0.900
  7     124         0.820
  8     117         0.740
  9     112         0.660
  10    106         0.580

Detector: BL_W150_T2.4_D12
Best Detection: 145 mmHg (confidence: 0.980)
Top 10 readings:
  Rank  Pressure    Confidence  
  ------------------------------
  1     145         0.980
  2     139         0.900
  3     137         0.900
  4     133         0.820
  5     131         0.820
  6     129         0.740
  7     124         0.660
  8     117         0.580
  9     111         0.500
  10    106         0.420

Detector: BL_W150_T2.4_D18
Best Detection: 144 mmHg (confidence: 0.980)
Top 10 readings:
  Rank  Pressure    Confidence  
  ------------------------------
  1     144         0.980
  2     139         0.900
  3     133         0.820
  4     130         0.820
  5     129         0.740
  6     124         0.660
  7     117         0.580
  8     111         0.500
  9     106         0.420
  10    101         0.340

Detector: BL_W150_T2.8_D12
Best Detection: 145 mmHg (confidence: 0.420)
Top 10 readings:
  Rank  Pressure    Confidence  
  ------------------------------
  1     145         0.420
  2     139         0.340
  3     137         0.340
  4     133         0.260
  5     131         0.260
  6     129         0.126
  7     101         0.126
  8     95          0.050
  9     124         0.010

Detector: BL_W150_T2.8_D18
Best Detection: 144 mmHg (confidence: 0.420)
Top 10 readings:
  Rank  Pressure    Confidence  
  ------------------------------
  1     144         0.420
  2     139         0.340
  3     133         0.260
  4     130         0.260
  5     129         0.126
  6     101         0.126
  7     95          0.050
  8     124         0.010

Detector: BL_W150_T3.3_D12
Best Detection: 145 mmHg (confidence: 0.420)
Top 10 readings:
  Rank  Pressure    Confidence  
  ------------------------------
  1     145         0.420
  2     139         0.340
  3     137         0.340
  4     133         0.260
  5     131         0.260
  6     129         0.126
  7     123         0.050

Detector: BL_W150_T3.3_D18
Best Detection: 144 mmHg (confidence: 0.420)
Top 10 readings:
  Rank  Pressure    Confidence  
  ------------------------------
  1     144         0.420
  2     139         0.340
  3     133         0.260
  4     130         0.260
  5     129         0.126
  6     123         0.050

Detector: BL_W20_T1.6_D12
Best Detection: 144 mmHg (confidence: 1.140)
Top 10 readings:
  Rank  Pressure    Confidence  
  ------------------------------
  1     144         1.140
  2     139         1.060
  3     133         0.980
  4     129         0.900
  5     124         0.820
  6     119         0.740
  7     113         0.660
  8     108         0.580
  9     103         0.500
  10    97          0.420

Detector: BL_W20_T1.6_D15
Best Detection: 139 mmHg (confidence: 1.060)
Top 10 readings:
  Rank  Pressure    Confidence  
  ------------------------------
  1     139         1.060
  2     133         0.980
  3     129         0.900
  4     124         0.820
  5     119         0.740
  6     113         0.660
  7     108         0.580
  8     103         0.500
  9     97          0.420
  10    91          0.340

Detector: BL_W20_T1.8_D12
Best Detection: 144 mmHg (confidence: 1.140)
Top 10 readings:
  Rank  Pressure    Confidence  
  ------------------------------
  1     144         1.140
  2     139         1.060
  3     133         0.980
  4     129         0.900
  5     124         0.820
  6     119         0.740
  7     113         0.660
  8     108         0.580
  9     103         0.500
  10    97          0.420

Detector: BL_W20_T1.8_D15
Best Detection: 139 mmHg (confidence: 1.060)
Top 10 readings:
  Rank  Pressure    Confidence  
  ------------------------------
  1     139         1.060
  2     133         0.980
  3     129         0.900
  4     124         0.820
  5     119         0.740
  6     113         0.660
  7     108         0.580
  8     103         0.500
  9     97          0.420
  10    91          0.340

Detector: BL_W20_T2.0_D12
Best Detection: 144 mmHg (confidence: 1.140)
Top 10 readings:
  Rank  Pressure    Confidence  
  ------------------------------
  1     144         1.140
  2     139         1.060
  3     133         0.980
  4     129         0.900
  5     124         0.820
  6     119         0.740
  7     113         0.660
  8     108         0.580
  9     103         0.500
  10    97          0.420

Detector: BL_W20_T2.0_D15
Best Detection: 139 mmHg (confidence: 1.060)
Top 10 readings:
  Rank  Pressure    Confidence  
  ------------------------------
  1     139         1.060
  2     133         0.980
  3     129         0.900
  4     124         0.820
  5     119         0.740
  6     113         0.660
  7     108         0.580
  8     103         0.500
  9     97          0.420
  10    91          0.340

Detector: BL_W30_T1.6_D12
Best Detection: 144 mmHg (confidence: 1.140)
Top 10 readings:
  Rank  Pressure    Confidence  
  ------------------------------
  1     144         1.140
  2     139         1.060
  3     133         0.980
  4     129         0.900
  5     123         0.820
  6     117         0.740
  7     112         0.660
  8     106         0.580
  9     101         0.500
  10    95          0.420

Detector: BL_W30_T1.6_D15
Best Detection: 133 mmHg (confidence: 0.980)
Top 10 readings:
  Rank  Pressure    Confidence  
  ------------------------------
  1     133         0.980
  2     129         0.900
  3     123         0.820
  4     117         0.740
  5     112         0.660
  6     106         0.580
  7     101         0.500
  8     95          0.420
  9     90          0.340
  10    86          0.260

Detector: BL_W30_T1.8_D12
Best Detection: 111 mmHg (confidence: 0.660)
Top 10 readings:
  Rank  Pressure    Confidence  
  ------------------------------
  1     111         0.660
  2     106         0.580
  3     101         0.500
  4     144         0.420
  5     95          0.420
  6     139         0.340
  7     90          0.340
  8     133         0.260
  9     86          0.260
  10    196         0.126

Detector: BL_W30_T1.8_D15
Best Detection: 111 mmHg (confidence: 0.660)
Top 10 readings:
  Rank  Pressure    Confidence  
  ------------------------------
  1     111         0.660
  2     106         0.580
  3     101         0.500
  4     95          0.420
  5     90          0.340
  6     133         0.260
  7     86          0.260
  8     196         0.126
  9     129         0.126
  10    81          0.126

Detector: BL_W30_T2.0_D12
Best Detection: 144 mmHg (confidence: 0.420)
Top 10 readings:
  Rank  Pressure    Confidence  
  ------------------------------
  1     144         0.420
  2     139         0.340
  3     133         0.260
  4     128         0.126
  5     101         0.126
  6     76          0.050
  7     196         0.010
  8     195         0.010
  9     122         0.010
  10    95          0.010

Detector: BL_W30_T2.0_D15
Best Detection: 133 mmHg (confidence: 0.260)
Top 10 readings:
  Rank  Pressure    Confidence  
  ------------------------------
  1     133         0.260
  2     128         0.126
  3     101         0.126
  4     76          0.050
  5     196         0.010
  6     195         0.010
  7     122         0.010
  8     95          0.010

Detector: BL_W40_T1.6_D12
Best Detection: 144 mmHg (confidence: 1.140)
Top 10 readings:
  Rank  Pressure    Confidence  
  ------------------------------
  1     144         1.140
  2     139         1.060
  3     133         0.980
  4     131         0.980
  5     129         0.900
  6     123         0.820
  7     117         0.740
  8     112         0.660
  9     106         0.580
  10    102         0.500

Detector: BL_W40_T1.6_D15
Best Detection: 133 mmHg (confidence: 0.980)
Top 10 readings:
  Rank  Pressure    Confidence  
  ------------------------------
  1     133         0.980
  2     129         0.900
  3     123         0.820
  4     117         0.740
  5     112         0.660
  6     106         0.580
  7     102         0.500
  8     95          0.420
  9     90          0.340
  10    86          0.260

Detector: BL_W40_T1.8_D12
Best Detection: 144 mmHg (confidence: 1.140)
Top 10 readings:
  Rank  Pressure    Confidence  
  ------------------------------
  1     144         1.140
  2     139         1.060
  3     133         0.980
  4     129         0.900
  5     123         0.820
  6     117         0.740
  7     112         0.660
  8     106         0.580
  9     102         0.500
  10    95          0.420

Detector: BL_W40_T1.8_D15
Best Detection: 133 mmHg (confidence: 0.980)
Top 10 readings:
  Rank  Pressure    Confidence  
  ------------------------------
  1     133         0.980
  2     129         0.900
  3     123         0.820
  4     117         0.740
  5     112         0.660
  6     106         0.580
  7     102         0.500
  8     95          0.420
  9     90          0.340
  10    86          0.260

Detector: BL_W40_T2.0_D12
Best Detection: 112 mmHg (confidence: 0.660)
Top 10 readings:
  Rank  Pressure    Confidence  
  ------------------------------
  1     112         0.660
  2     106         0.580
  3     101         0.500
  4     144         0.420
  5     95          0.420
  6     139         0.340
  7     90          0.340
  8     133         0.260
  9     86          0.260
  10    129         0.126

Detector: BL_W40_T2.0_D15
Best Detection: 112 mmHg (confidence: 0.660)
Top 10 readings:
  Rank  Pressure    Confidence  
  ------------------------------
  1     112         0.660
  2     106         0.580
  3     101         0.500
  4     95          0.420
  5     90          0.340
  6     133         0.260
  7     86          0.260
  8     129         0.126
  9     81          0.126
  10    76          0.050

Detector: BL_W50_T1.6_D12
Best Detection: 144 mmHg (confidence: 1.140)
Top 10 readings:
  Rank  Pressure    Confidence  
  ------------------------------
  1     144         1.140
  2     139         1.060
  3     133         0.980
  4     131         0.980
  5     129         0.900
  6     124         0.820
  7     117         0.740
  8     112         0.660
  9     106         0.580
  10    102         0.500

Detector: BL_W50_T1.6_D15
Best Detection: 138 mmHg (confidence: 1.060)
Top 10 readings:
  Rank  Pressure    Confidence  
  ------------------------------
  1     138         1.060
  2     133         0.980
  3     129         0.900
  4     124         0.820
  5     117         0.740
  6     112         0.660
  7     106         0.580
  8     102         0.500
  9     95          0.420
  10    90          0.340

Detector: BL_W50_T1.8_D12
Best Detection: 144 mmHg (confidence: 1.140)
Top 10 readings:
  Rank  Pressure    Confidence  
  ------------------------------
  1     144         1.140
  2     139         1.060
  3     133         0.980
  4     131         0.980
  5     129         0.900
  6     123         0.820
  7     117         0.740
  8     112         0.660
  9     106         0.580
  10    102         0.500

Detector: BL_W50_T1.8_D15
Best Detection: 138 mmHg (confidence: 1.060)
Top 10 readings:
  Rank  Pressure    Confidence  
  ------------------------------
  1     138         1.060
  2     133         0.980
  3     129         0.900
  4     123         0.820
  5     117         0.740
  6     112         0.660
  7     106         0.580
  8     102         0.500
  9     95          0.420
  10    90          0.340

Detector: BL_W50_T2.0_D12
Best Detection: 112 mmHg (confidence: 0.660)
Top 10 readings:
  Rank  Pressure    Confidence  
  ------------------------------
  1     112         0.660
  2     106         0.580
  3     102         0.500
  4     144         0.420
  5     95          0.420
  6     139         0.340
  7     90          0.340
  8     133         0.260
  9     86          0.260
  10    129         0.126

Detector: BL_W50_T2.0_D15
Best Detection: 112 mmHg (confidence: 0.660)
Top 10 readings:
  Rank  Pressure    Confidence  
  ------------------------------
  1     112         0.660
  2     106         0.580
  3     102         0.500
  4     95          0.420
  5     138         0.340
  6     90          0.340
  7     133         0.260
  8     86          0.260
  9     129         0.126
  10    81          0.126

