=== Blood Pressure Measurement Report - Run #1 ===

Baseline HR: 58.4 BPM
Valid interval: 519-1500 ms

*** ENSEMBLE RESULT ***
Ensemble Systolic: 121 mmHg
Confidence: 0.052
95% CI: [116 - 125] mmHg
Agreement: 757/144 detectors

MAP: 102 mmHg
Est. Diastolic: 92 mmHg
Oscillometric MAP Systolic: -1 mmHg
Oscillometric MAP Diastolic: -1 mmHg

--- DETECTOR PERFORMANCE SUMMARY ---

Detector                           Best        Conf         | Rank  Best        Error       
-----------------------------------------------------------------------------------------------
BL_W130_T2.0_D12                   144         1.200        | 16    144         3.8         
BL_W130_T2.0_D18                   144         1.200        | 15    144         3.8         
BL_W140_T2.0_D12                   144         1.200        | 11    144         3.8         
BL_W140_T2.0_D18                   144         1.200        | 10    144         3.8         
BL_W150_T2.0_D12                   144         1.200        | 5     144         3.8         
BL_W150_T2.0_D18                   144         1.200        | 4     144         3.8         
BL_W20_T1.6_D12                    144         1.200        | 29    144         3.8         
BL_W20_T1.6_D15                    144         1.200        | 30    144         3.8         
BL_W20_T1.8_D12                    144         1.200        | 31    144         3.8         
BL_W20_T1.8_D15                    144         1.200        | 32    144         3.8         
BL_W100_T1.9_D16                   121         0.900        | 59    121         18.8        
BL_W110_T2.0_D12                   121         0.900        | 57    121         18.8        
BL_W110_T2.0_D18                   121         0.900        | 58    121         18.8        
BL_W100_T1.9_D12                   121         0.900        | 60    121         18.8        
BL_W100_T1.9_D10                   121         0.900        | 61    121         18.8        
BL_W100_T1.9_D5                    121         0.900        | 62    121         18.8        
BL_W100_T1.8_D16                   121         0.900        | 63    121         18.8        
BL_W100_T1.8_D12                   121         0.900        | 64    121         18.8        
BL_W100_T1.8_D10                   121         0.900        | 65    121         18.8        
BL_W100_T1.8_D5                    121         0.900        | 66    121         18.8        
BL_W90_T1.8_D16                    121         0.900        | 56    121         18.8        
BL_W90_T1.8_D5                     121         0.900        | 67    121         18.8        
BL_W90_T1.8_D10                    121         0.900        | 69    121         18.8        
BL_W90_T1.8_D12                    121         0.900        | 73    121         18.8        
BL_W120_T2.0_D12                   121         0.900        | 71    121         18.8        
BL_W50_T1.6_D15                    121         0.900        | 68    121         18.8        
BL_W50_T1.6_D12                    121         0.900        | 70    121         18.8        
BL_W40_T1.8_D15                    122         0.900        | 55    122         18.2        
BL_W40_T1.8_D12                    122         0.900        | 54    122         18.2        
BL_W40_T1.6_D15                    122         0.900        | 52    122         17.5        
BL_W40_T1.6_D12                    122         0.900        | 50    122         17.5        
BL_W20_T2.0_D15                    122         0.900        | 53    122         17.5        
BL_W20_T2.0_D12                    122         0.900        | 51    122         17.5        
BL_W120_T2.0_D18                   121         0.900        | 72    121         18.8        
BL_W90_T1.9_D5                     118         0.820        | 122   118         22.5        
BL_W50_T1.8_D12                    118         0.820        | 74    118         21.8        
BL_W50_T1.8_D15                    118         0.820        | 75    118         21.8        
BL_W50_T2.0_D12                    118         0.820        | 76    118         21.8        
BL_W50_T2.0_D15                    118         0.820        | 78    118         21.8        
BL_W90_T1.9_D10                    118         0.820        | 121   118         22.5        
BL_W90_T1.9_D12                    118         0.820        | 120   118         22.5        
BL_W90_T1.9_D16                    118         0.820        | 107   118         22.5        
BL_W90_T2.0_D5                     118         0.820        | 118   118         22.5        
BL_W90_T2.0_D10                    118         0.820        | 117   118         22.5        
BL_W90_T2.0_D12                    118         0.820        | 116   118         22.5        
BL_W90_T2.0_D16                    118         0.820        | 115   118         22.5        
BL_W60_T1.8_D5                     118         0.820        | 79    118         21.8        
BL_W100_T2.0_D10                   118         0.820        | 109   118         22.5        
BL_W100_T2.0_D12                   118         0.820        | 102   118         22.5        
BL_W100_T2.0_D16                   118         0.820        | 108   118         22.5        
BL_W100_T2.0_D5                    118         0.820        | 110   118         22.5        
BL_W70_T1.8_D10                    118         0.820        | 90    118         21.8        
BL_W70_T2.0_D16                    118         0.820        | 80    118         21.8        
BL_W70_T2.0_D12                    118         0.820        | 81    118         21.8        
BL_W70_T2.0_D10                    118         0.820        | 82    118         21.8        
BL_W70_T2.0_D5                     118         0.820        | 83    118         21.8        
BL_W70_T1.9_D16                    118         0.820        | 84    118         21.8        
BL_W70_T1.9_D12                    118         0.820        | 85    118         21.8        
BL_W70_T1.9_D5                     118         0.820        | 87    118         21.8        
BL_W70_T1.8_D16                    118         0.820        | 88    118         21.8        
BL_W70_T1.8_D12                    118         0.820        | 89    118         21.8        
BL_W70_T1.9_D10                    118         0.820        | 86    118         21.8        
BL_W70_T1.8_D5                     118         0.820        | 91    118         21.8        
BL_W60_T1.9_D16                    118         0.820        | 96    118         21.8        
BL_W60_T1.9_D12                    118         0.820        | 97    118         21.8        
BL_W60_T1.9_D10                    118         0.820        | 98    118         21.8        
BL_W60_T1.9_D5                     118         0.820        | 99    118         21.8        
BL_W60_T1.8_D16                    118         0.820        | 100   118         21.8        
BL_W60_T1.8_D12                    118         0.820        | 101   118         21.8        
BL_W60_T1.8_D10                    118         0.820        | 77    118         21.8        
BL_W80_T1.8_D5                     118         0.820        | 103   118         22.5        
BL_W80_T1.9_D16                    118         0.820        | 125   118         22.5        
BL_W80_T1.9_D12                    118         0.820        | 124   118         22.5        
BL_W80_T1.9_D10                    118         0.820        | 123   118         22.5        
BL_W80_T1.9_D5                     118         0.820        | 119   118         22.5        
BL_W80_T1.8_D16                    118         0.820        | 106   118         22.5        
BL_W80_T1.8_D12                    118         0.820        | 105   118         22.5        
BL_W80_T1.8_D10                    118         0.820        | 104   118         22.5        
BL_W30_T1.6_D12                    109         0.660        | 130   109         31.4        
BL_W30_T1.6_D15                    109         0.660        | 131   109         31.4        
BL_W80_T2.0_D12                    118         0.500        | 128   118         22.5        
BL_W80_T2.0_D10                    118         0.500        | 129   118         22.5        
BL_W80_T2.0_D16                    118         0.500        | 127   118         22.5        
BL_W80_T2.0_D5                     118         0.500        | 126   118         22.5        
BL_W90_T2.2_D5                     118         0.420        | 114   118         22.5        
BL_W60_T2.0_D12                    118         0.420        | 93    118         21.8        
BL_W60_T2.0_D10                    118         0.420        | 94    118         21.8        
BL_W90_T2.2_D16                    118         0.420        | 111   118         22.5        
BL_W90_T2.2_D12                    118         0.420        | 112   118         22.5        
BL_W60_T2.0_D5                     118         0.420        | 95    118         21.8        
BL_W90_T2.2_D10                    118         0.420        | 113   118         22.5        
BL_W100_T2.2_D5                    151         0.420        | 48    151         10.8        
BL_W60_T2.0_D16                    118         0.420        | 92    118         21.8        
BL_W130_T2.4_D18                   144         0.340        | 13    144         3.8         
BL_W140_T3.3_D18                   144         0.340        | 6     144         3.8         
BL_W140_T2.8_D18                   144         0.340        | 7     144         3.8         
BL_W150_T2.4_D12                   144         0.340        | 3     144         3.8         
BL_W140_T2.4_D18                   144         0.340        | 8     144         3.8         
BL_W140_T2.4_D12                   144         0.340        | 9     144         3.8         
BL_W150_T2.4_D18                   144         0.340        | 2     144         3.8         
BL_W150_T2.8_D18                   144         0.340        | 27    144         3.8         
BL_W150_T3.3_D18                   144         0.340        | 28    144         3.8         
BL_W130_T3.3_D18                   144         0.340        | 14    144         3.8         
BL_W120_T2.4_D18                   144         0.340        | 19    144         3.8         
BL_W100_T2.2_D12                   144         0.340        | 25    144         3.8         
BL_W100_T2.2_D16                   144         0.340        | 24    144         3.8         
BL_W110_T2.4_D18                   144         0.340        | 23    144         3.8         
BL_W110_T2.8_D18                   144         0.340        | 22    144         3.8         
BL_W110_T3.3_D18                   144         0.340        | 21    144         3.8         
BL_W120_T2.4_D12                   144         0.340        | 20    144         3.8         
BL_W130_T2.8_D18                   144         0.340        | 12    144         3.8         
BL_W120_T2.8_D18                   144         0.340        | 18    144         3.8         
BL_W120_T3.3_D18                   144         0.340        | 17    144         3.8         
BL_W130_T2.4_D12                   144         0.340        | 1     144         3.8         
BL_W100_T2.2_D10                   144         0.340        | 26    144         3.8         
BL_W40_T2.0_D12                    109         0.260        | 133   109         31.4        
BL_W30_T1.8_D12                    108         0.260        | 141   108         31.7        
BL_W80_T2.2_D5                     108         0.260        | 142   108         31.7        
BL_W30_T1.8_D15                    108         0.260        | 140   108         31.7        
BL_W40_T2.0_D15                    109         0.260        | 132   109         31.4        
BL_W80_T2.2_D10                    108         0.260        | 143   108         31.7        
BL_W80_T2.2_D12                    108         0.260        | 144   108         31.7        
BL_W70_T2.2_D16                    108         0.260        | 136   108         31.7        
BL_W70_T2.2_D12                    108         0.260        | 137   108         31.7        
BL_W70_T2.2_D10                    108         0.260        | 138   108         31.7        
BL_W70_T2.2_D5                     108         0.260        | 134   108         31.7        
BL_W110_T2.4_D12                   108         0.260        | 135   108         31.7        
BL_W80_T2.2_D16                    108         0.260        | 139   108         31.7        
BL_W130_T2.8_D12                   135         0.126        | 33    135         5.3         
BL_W110_T2.8_D12                   134         0.126        | 40    134         5.7         
BL_W110_T3.3_D12                   134         0.126        | 39    134         5.7         
BL_W120_T2.8_D12                   134         0.126        | 38    134         5.7         
BL_W120_T3.3_D12                   134         0.126        | 43    134         5.7         
BL_W60_T2.2_D12                    134         0.126        | 42    134         5.7         
BL_W130_T3.3_D12                   134         0.126        | 44    134         5.7         
BL_W30_T2.0_D15                    135         0.126        | 34    135         5.3         
BL_W30_T2.0_D12                    135         0.126        | 35    135         5.3         
BL_W140_T2.8_D12                   135         0.126        | 37    135         5.3         
BL_W140_T3.3_D12                   134         0.126        | 46    134         5.7         
BL_W150_T2.8_D12                   135         0.126        | 36    135         5.3         
BL_W150_T3.3_D12                   134         0.126        | 45    134         5.7         
BL_W60_T2.2_D16                    134         0.126        | 47    134         5.7         
BL_W60_T2.2_D5                     151         0.126        | 49    151         10.8        
BL_W60_T2.2_D10                    134         0.126        | 41    134         5.7         


=== DETAILED DETECTOR RESULTS ===

Detector: BL_W60_T1.8_D5
Best Detection: 118 mmHg (confidence: 0.820)
Top 10 readings:
  Rank  Pressure    Confidence  
  ------------------------------
  1     118         0.820
  2     113         0.740
  3     109         0.660
  4     104         0.580
  5     100         0.500
  6     96          0.420
  7     92          0.340
  8     87          0.260
  9     151         0.126
  10    135         0.126

Detector: BL_W60_T1.8_D10
Best Detection: 118 mmHg (confidence: 0.820)
Top 10 readings:
  Rank  Pressure    Confidence  
  ------------------------------
  1     118         0.820
  2     113         0.740
  3     109         0.660
  4     104         0.580
  5     100         0.500
  6     96          0.420
  7     92          0.340
  8     87          0.260
  9     135         0.126
  10    83          0.126

Detector: BL_W60_T1.8_D12
Best Detection: 118 mmHg (confidence: 0.820)
Top 10 readings:
  Rank  Pressure    Confidence  
  ------------------------------
  1     118         0.820
  2     113         0.740
  3     109         0.660
  4     104         0.580
  5     100         0.500
  6     96          0.420
  7     92          0.340
  8     87          0.260
  9     135         0.126
  10    83          0.126

Detector: BL_W60_T1.8_D16
Best Detection: 118 mmHg (confidence: 0.820)
Top 10 readings:
  Rank  Pressure    Confidence  
  ------------------------------
  1     118         0.820
  2     113         0.740
  3     109         0.660
  4     104         0.580
  5     100         0.500
  6     96          0.420
  7     92          0.340
  8     87          0.260
  9     135         0.126
  10    83          0.126

Detector: BL_W60_T1.9_D5
Best Detection: 118 mmHg (confidence: 0.820)
Top 10 readings:
  Rank  Pressure    Confidence  
  ------------------------------
  1     118         0.820
  2     113         0.740
  3     108         0.660
  4     104         0.580
  5     100         0.500
  6     96          0.420
  7     92          0.340
  8     87          0.260
  9     151         0.126
  10    135         0.126

Detector: BL_W60_T1.9_D10
Best Detection: 118 mmHg (confidence: 0.820)
Top 10 readings:
  Rank  Pressure    Confidence  
  ------------------------------
  1     118         0.820
  2     113         0.740
  3     108         0.660
  4     104         0.580
  5     100         0.500
  6     96          0.420
  7     92          0.340
  8     87          0.260
  9     135         0.126
  10    83          0.126

Detector: BL_W60_T1.9_D12
Best Detection: 118 mmHg (confidence: 0.820)
Top 10 readings:
  Rank  Pressure    Confidence  
  ------------------------------
  1     118         0.820
  2     113         0.740
  3     108         0.660
  4     104         0.580
  5     100         0.500
  6     96          0.420
  7     92          0.340
  8     87          0.260
  9     135         0.126
  10    83          0.126

Detector: BL_W60_T1.9_D16
Best Detection: 118 mmHg (confidence: 0.820)
Top 10 readings:
  Rank  Pressure    Confidence  
  ------------------------------
  1     118         0.820
  2     113         0.740
  3     108         0.660
  4     104         0.580
  5     100         0.500
  6     96          0.420
  7     92          0.340
  8     87          0.260
  9     135         0.126
  10    83          0.126

Detector: BL_W60_T2.0_D5
Best Detection: 118 mmHg (confidence: 0.420)
Top 10 readings:
  Rank  Pressure    Confidence  
  ------------------------------
  1     118         0.420
  2     113         0.340
  3     108         0.260
  4     151         0.126
  5     134         0.126
  6     104         0.126
  7     87          0.126
  8     83          0.050
  9     151         0.010
  10    144         0.010

Detector: BL_W60_T2.0_D10
Best Detection: 118 mmHg (confidence: 0.420)
Top 10 readings:
  Rank  Pressure    Confidence  
  ------------------------------
  1     118         0.420
  2     113         0.340
  3     108         0.260
  4     134         0.126
  5     104         0.126
  6     87          0.126
  7     83          0.050
  8     144         0.010
  9     132         0.010
  10    100         0.010

Detector: BL_W60_T2.0_D12
Best Detection: 118 mmHg (confidence: 0.420)
Top 10 readings:
  Rank  Pressure    Confidence  
  ------------------------------
  1     118         0.420
  2     113         0.340
  3     108         0.260
  4     134         0.126
  5     104         0.126
  6     87          0.126
  7     83          0.050
  8     144         0.010
  9     132         0.010
  10    100         0.010

Detector: BL_W60_T2.0_D16
Best Detection: 118 mmHg (confidence: 0.420)
Top 10 readings:
  Rank  Pressure    Confidence  
  ------------------------------
  1     118         0.420
  2     113         0.340
  3     108         0.260
  4     134         0.126
  5     104         0.126
  6     87          0.126
  7     83          0.050
  8     144         0.010
  9     142         0.010
  10    132         0.010

Detector: BL_W60_T2.2_D5
Best Detection: 151 mmHg (confidence: 0.126)
Top 10 readings:
  Rank  Pressure    Confidence  
  ------------------------------
  1     151         0.126
  2     134         0.126
  3     104         0.126
  4     87          0.126
  5     83          0.050
  6     151         0.010
  7     144         0.010
  8     132         0.010
  9     118         0.010
  10    100         0.010

Detector: BL_W60_T2.2_D10
Best Detection: 134 mmHg (confidence: 0.126)
Top 10 readings:
  Rank  Pressure    Confidence  
  ------------------------------
  1     134         0.126
  2     104         0.126
  3     87          0.126
  4     83          0.050
  5     144         0.010
  6     132         0.010
  7     118         0.010
  8     100         0.010

Detector: BL_W60_T2.2_D12
Best Detection: 134 mmHg (confidence: 0.126)
Top 10 readings:
  Rank  Pressure    Confidence  
  ------------------------------
  1     134         0.126
  2     104         0.126
  3     87          0.126
  4     83          0.050
  5     144         0.010
  6     132         0.010
  7     118         0.010
  8     100         0.010

Detector: BL_W60_T2.2_D16
Best Detection: 134 mmHg (confidence: 0.126)
Top 10 readings:
  Rank  Pressure    Confidence  
  ------------------------------
  1     134         0.126
  2     104         0.126
  3     87          0.126
  4     83          0.050
  5     144         0.010
  6     142         0.010
  7     132         0.010
  8     118         0.010
  9     100         0.010

Detector: BL_W70_T1.8_D5
Best Detection: 118 mmHg (confidence: 0.820)
Top 10 readings:
  Rank  Pressure    Confidence  
  ------------------------------
  1     118         0.820
  2     113         0.740
  3     109         0.660
  4     105         0.580
  5     100         0.500
  6     151         0.420
  7     96          0.420
  8     144         0.340
  9     142         0.340
  10    92          0.340

Detector: BL_W70_T1.8_D10
Best Detection: 118 mmHg (confidence: 0.820)
Top 10 readings:
  Rank  Pressure    Confidence  
  ------------------------------
  1     118         0.820
  2     113         0.740
  3     109         0.660
  4     105         0.580
  5     100         0.500
  6     96          0.420
  7     144         0.340
  8     92          0.340
  9     138         0.260
  10    87          0.260

Detector: BL_W70_T1.8_D12
Best Detection: 118 mmHg (confidence: 0.820)
Top 10 readings:
  Rank  Pressure    Confidence  
  ------------------------------
  1     118         0.820
  2     113         0.740
  3     109         0.660
  4     105         0.580
  5     100         0.500
  6     96          0.420
  7     144         0.340
  8     92          0.340
  9     138         0.260
  10    87          0.260

Detector: BL_W70_T1.8_D16
Best Detection: 118 mmHg (confidence: 0.820)
Top 10 readings:
  Rank  Pressure    Confidence  
  ------------------------------
  1     118         0.820
  2     113         0.740
  3     109         0.660
  4     105         0.580
  5     100         0.500
  6     96          0.420
  7     144         0.340
  8     142         0.340
  9     92          0.340
  10    138         0.260

Detector: BL_W70_T1.9_D5
Best Detection: 118 mmHg (confidence: 0.820)
Top 10 readings:
  Rank  Pressure    Confidence  
  ------------------------------
  1     118         0.820
  2     113         0.740
  3     109         0.660
  4     105         0.580
  5     100         0.500
  6     96          0.420
  7     92          0.340
  8     87          0.260
  9     151         0.126
  10    135         0.126

Detector: BL_W70_T1.9_D10
Best Detection: 118 mmHg (confidence: 0.820)
Top 10 readings:
  Rank  Pressure    Confidence  
  ------------------------------
  1     118         0.820
  2     113         0.740
  3     109         0.660
  4     105         0.580
  5     100         0.500
  6     96          0.420
  7     92          0.340
  8     87          0.260
  9     135         0.126
  10    83          0.126

Detector: BL_W70_T1.9_D12
Best Detection: 118 mmHg (confidence: 0.820)
Top 10 readings:
  Rank  Pressure    Confidence  
  ------------------------------
  1     118         0.820
  2     113         0.740
  3     109         0.660
  4     105         0.580
  5     100         0.500
  6     96          0.420
  7     92          0.340
  8     87          0.260
  9     135         0.126
  10    83          0.126

Detector: BL_W70_T1.9_D16
Best Detection: 118 mmHg (confidence: 0.820)
Top 10 readings:
  Rank  Pressure    Confidence  
  ------------------------------
  1     118         0.820
  2     113         0.740
  3     109         0.660
  4     105         0.580
  5     100         0.500
  6     96          0.420
  7     92          0.340
  8     87          0.260
  9     135         0.126
  10    83          0.126

Detector: BL_W70_T2.0_D5
Best Detection: 118 mmHg (confidence: 0.820)
Top 10 readings:
  Rank  Pressure    Confidence  
  ------------------------------
  1     118         0.820
  2     113         0.740
  3     109         0.660
  4     104         0.580
  5     100         0.500
  6     96          0.420
  7     92          0.340
  8     87          0.260
  9     151         0.126
  10    135         0.126

Detector: BL_W70_T2.0_D10
Best Detection: 118 mmHg (confidence: 0.820)
Top 10 readings:
  Rank  Pressure    Confidence  
  ------------------------------
  1     118         0.820
  2     113         0.740
  3     109         0.660
  4     104         0.580
  5     100         0.500
  6     96          0.420
  7     92          0.340
  8     87          0.260
  9     135         0.126
  10    83          0.126

Detector: BL_W70_T2.0_D12
Best Detection: 118 mmHg (confidence: 0.820)
Top 10 readings:
  Rank  Pressure    Confidence  
  ------------------------------
  1     118         0.820
  2     113         0.740
  3     109         0.660
  4     104         0.580
  5     100         0.500
  6     96          0.420
  7     92          0.340
  8     87          0.260
  9     135         0.126
  10    83          0.126

Detector: BL_W70_T2.0_D16
Best Detection: 118 mmHg (confidence: 0.820)
Top 10 readings:
  Rank  Pressure    Confidence  
  ------------------------------
  1     118         0.820
  2     113         0.740
  3     109         0.660
  4     104         0.580
  5     100         0.500
  6     96          0.420
  7     92          0.340
  8     87          0.260
  9     135         0.126
  10    83          0.126

Detector: BL_W70_T2.2_D5
Best Detection: 108 mmHg (confidence: 0.260)
Top 10 readings:
  Rank  Pressure    Confidence  
  ------------------------------
  1     108         0.260
  2     151         0.126
  3     134         0.126
  4     104         0.126
  5     87          0.126
  6     83          0.050
  7     151         0.010
  8     144         0.010
  9     142         0.010
  10    132         0.010

Detector: BL_W70_T2.2_D10
Best Detection: 108 mmHg (confidence: 0.260)
Top 10 readings:
  Rank  Pressure    Confidence  
  ------------------------------
  1     108         0.260
  2     134         0.126
  3     104         0.126
  4     87          0.126
  5     83          0.050
  6     144         0.010
  7     132         0.010
  8     118         0.010
  9     100         0.010

Detector: BL_W70_T2.2_D12
Best Detection: 108 mmHg (confidence: 0.260)
Top 10 readings:
  Rank  Pressure    Confidence  
  ------------------------------
  1     108         0.260
  2     134         0.126
  3     104         0.126
  4     87          0.126
  5     83          0.050
  6     144         0.010
  7     132         0.010
  8     118         0.010
  9     100         0.010

Detector: BL_W70_T2.2_D16
Best Detection: 108 mmHg (confidence: 0.260)
Top 10 readings:
  Rank  Pressure    Confidence  
  ------------------------------
  1     108         0.260
  2     134         0.126
  3     104         0.126
  4     87          0.126
  5     83          0.050
  6     144         0.010
  7     142         0.010
  8     132         0.010
  9     118         0.010
  10    100         0.010

Detector: BL_W80_T1.8_D5
Best Detection: 118 mmHg (confidence: 0.820)
Top 10 readings:
  Rank  Pressure    Confidence  
  ------------------------------
  1     118         0.820
  2     113         0.740
  3     109         0.660
  4     104         0.580
  5     100         0.500
  6     151         0.420
  7     96          0.420
  8     144         0.340
  9     142         0.340
  10    92          0.340

Detector: BL_W80_T1.8_D10
Best Detection: 118 mmHg (confidence: 0.820)
Top 10 readings:
  Rank  Pressure    Confidence  
  ------------------------------
  1     118         0.820
  2     113         0.740
  3     109         0.660
  4     104         0.580
  5     100         0.500
  6     96          0.420
  7     144         0.340
  8     92          0.340
  9     138         0.260
  10    87          0.260

Detector: BL_W80_T1.8_D12
Best Detection: 118 mmHg (confidence: 0.820)
Top 10 readings:
  Rank  Pressure    Confidence  
  ------------------------------
  1     118         0.820
  2     113         0.740
  3     109         0.660
  4     104         0.580
  5     100         0.500
  6     96          0.420
  7     144         0.340
  8     92          0.340
  9     138         0.260
  10    87          0.260

Detector: BL_W80_T1.8_D16
Best Detection: 118 mmHg (confidence: 0.820)
Top 10 readings:
  Rank  Pressure    Confidence  
  ------------------------------
  1     118         0.820
  2     113         0.740
  3     109         0.660
  4     104         0.580
  5     100         0.500
  6     96          0.420
  7     144         0.340
  8     142         0.340
  9     92          0.340
  10    138         0.260

Detector: BL_W80_T1.9_D5
Best Detection: 118 mmHg (confidence: 0.820)
Top 10 readings:
  Rank  Pressure    Confidence  
  ------------------------------
  1     118         0.820
  2     113         0.740
  3     109         0.660
  4     104         0.580
  5     100         0.500
  6     151         0.420
  7     96          0.420
  8     144         0.340
  9     142         0.340
  10    92          0.340

Detector: BL_W80_T1.9_D10
Best Detection: 118 mmHg (confidence: 0.820)
Top 10 readings:
  Rank  Pressure    Confidence  
  ------------------------------
  1     118         0.820
  2     113         0.740
  3     109         0.660
  4     104         0.580
  5     100         0.500
  6     96          0.420
  7     144         0.340
  8     92          0.340
  9     138         0.260
  10    87          0.260

Detector: BL_W80_T1.9_D12
Best Detection: 118 mmHg (confidence: 0.820)
Top 10 readings:
  Rank  Pressure    Confidence  
  ------------------------------
  1     118         0.820
  2     113         0.740
  3     109         0.660
  4     104         0.580
  5     100         0.500
  6     96          0.420
  7     144         0.340
  8     92          0.340
  9     138         0.260
  10    87          0.260

Detector: BL_W80_T1.9_D16
Best Detection: 118 mmHg (confidence: 0.820)
Top 10 readings:
  Rank  Pressure    Confidence  
  ------------------------------
  1     118         0.820
  2     113         0.740
  3     109         0.660
  4     104         0.580
  5     100         0.500
  6     96          0.420
  7     144         0.340
  8     142         0.340
  9     92          0.340
  10    138         0.260

Detector: BL_W80_T2.0_D5
Best Detection: 118 mmHg (confidence: 0.500)
Top 10 readings:
  Rank  Pressure    Confidence  
  ------------------------------
  1     118         0.500
  2     113         0.420
  3     108         0.340
  4     104         0.260
  5     87          0.260
  6     151         0.126
  7     135         0.126
  8     100         0.126
  9     83          0.126
  10    79          0.050

Detector: BL_W80_T2.0_D10
Best Detection: 118 mmHg (confidence: 0.500)
Top 10 readings:
  Rank  Pressure    Confidence  
  ------------------------------
  1     118         0.500
  2     113         0.420
  3     108         0.340
  4     104         0.260
  5     87          0.260
  6     135         0.126
  7     100         0.126
  8     83          0.126
  9     79          0.050
  10    144         0.010

Detector: BL_W80_T2.0_D12
Best Detection: 118 mmHg (confidence: 0.500)
Top 10 readings:
  Rank  Pressure    Confidence  
  ------------------------------
  1     118         0.500
  2     113         0.420
  3     108         0.340
  4     104         0.260
  5     87          0.260
  6     135         0.126
  7     100         0.126
  8     83          0.126
  9     79          0.050
  10    144         0.010

Detector: BL_W80_T2.0_D16
Best Detection: 118 mmHg (confidence: 0.500)
Top 10 readings:
  Rank  Pressure    Confidence  
  ------------------------------
  1     118         0.500
  2     113         0.420
  3     108         0.340
  4     104         0.260
  5     87          0.260
  6     135         0.126
  7     100         0.126
  8     83          0.126
  9     79          0.050
  10    144         0.010

Detector: BL_W80_T2.2_D5
Best Detection: 108 mmHg (confidence: 0.260)
Top 10 readings:
  Rank  Pressure    Confidence  
  ------------------------------
  1     108         0.260
  2     151         0.126
  3     135         0.126
  4     104         0.126
  5     87          0.126
  6     83          0.050
  7     151         0.010
  8     144         0.010
  9     142         0.010
  10    132         0.010

Detector: BL_W80_T2.2_D10
Best Detection: 108 mmHg (confidence: 0.260)
Top 10 readings:
  Rank  Pressure    Confidence  
  ------------------------------
  1     108         0.260
  2     135         0.126
  3     104         0.126
  4     87          0.126
  5     83          0.050
  6     144         0.010
  7     132         0.010
  8     117         0.010
  9     100         0.010

Detector: BL_W80_T2.2_D12
Best Detection: 108 mmHg (confidence: 0.260)
Top 10 readings:
  Rank  Pressure    Confidence  
  ------------------------------
  1     108         0.260
  2     135         0.126
  3     104         0.126
  4     87          0.126
  5     83          0.050
  6     144         0.010
  7     132         0.010
  8     117         0.010
  9     100         0.010

Detector: BL_W80_T2.2_D16
Best Detection: 108 mmHg (confidence: 0.260)
Top 10 readings:
  Rank  Pressure    Confidence  
  ------------------------------
  1     108         0.260
  2     135         0.126
  3     104         0.126
  4     87          0.126
  5     83          0.050
  6     144         0.010
  7     142         0.010
  8     132         0.010
  9     117         0.010
  10    100         0.010

Detector: BL_W90_T1.8_D5
Best Detection: 121 mmHg (confidence: 0.900)
Top 10 readings:
  Rank  Pressure    Confidence  
  ------------------------------
  1     121         0.900
  2     118         0.820
  3     114         0.740
  4     109         0.660
  5     104         0.580
  6     100         0.500
  7     151         0.420
  8     96          0.420
  9     144         0.340
  10    142         0.340

Detector: BL_W90_T1.8_D10
Best Detection: 121 mmHg (confidence: 0.900)
Top 10 readings:
  Rank  Pressure    Confidence  
  ------------------------------
  1     121         0.900
  2     118         0.820
  3     114         0.740
  4     109         0.660
  5     104         0.580
  6     100         0.500
  7     96          0.420
  8     144         0.340
  9     142         0.340
  10    92          0.340

Detector: BL_W90_T1.8_D12
Best Detection: 121 mmHg (confidence: 0.900)
Top 10 readings:
  Rank  Pressure    Confidence  
  ------------------------------
  1     121         0.900
  2     118         0.820
  3     114         0.740
  4     109         0.660
  5     104         0.580
  6     100         0.500
  7     96          0.420
  8     144         0.340
  9     142         0.340
  10    92          0.340

Detector: BL_W90_T1.8_D16
Best Detection: 121 mmHg (confidence: 0.900)
Top 10 readings:
  Rank  Pressure    Confidence  
  ------------------------------
  1     121         0.900
  2     118         0.820
  3     114         0.740
  4     109         0.660
  5     104         0.580
  6     100         0.500
  7     96          0.420
  8     144         0.340
  9     142         0.340
  10    92          0.340

Detector: BL_W90_T1.9_D5
Best Detection: 118 mmHg (confidence: 0.820)
Top 10 readings:
  Rank  Pressure    Confidence  
  ------------------------------
  1     118         0.820
  2     113         0.740
  3     109         0.660
  4     104         0.580
  5     100         0.500
  6     151         0.420
  7     96          0.420
  8     144         0.340
  9     142         0.340
  10    92          0.340

Detector: BL_W90_T1.9_D10
Best Detection: 118 mmHg (confidence: 0.820)
Top 10 readings:
  Rank  Pressure    Confidence  
  ------------------------------
  1     118         0.820
  2     113         0.740
  3     109         0.660
  4     104         0.580
  5     100         0.500
  6     96          0.420
  7     144         0.340
  8     142         0.340
  9     92          0.340
  10    139         0.260

Detector: BL_W90_T1.9_D12
Best Detection: 118 mmHg (confidence: 0.820)
Top 10 readings:
  Rank  Pressure    Confidence  
  ------------------------------
  1     118         0.820
  2     113         0.740
  3     109         0.660
  4     104         0.580
  5     100         0.500
  6     96          0.420
  7     144         0.340
  8     142         0.340
  9     92          0.340
  10    139         0.260

Detector: BL_W90_T1.9_D16
Best Detection: 118 mmHg (confidence: 0.820)
Top 10 readings:
  Rank  Pressure    Confidence  
  ------------------------------
  1     118         0.820
  2     113         0.740
  3     109         0.660
  4     104         0.580
  5     100         0.500
  6     96          0.420
  7     144         0.340
  8     142         0.340
  9     92          0.340
  10    139         0.260

Detector: BL_W90_T2.0_D5
Best Detection: 118 mmHg (confidence: 0.820)
Top 10 readings:
  Rank  Pressure    Confidence  
  ------------------------------
  1     118         0.820
  2     113         0.740
  3     109         0.660
  4     104         0.580
  5     100         0.500
  6     151         0.420
  7     96          0.420
  8     144         0.340
  9     142         0.340
  10    92          0.340

Detector: BL_W90_T2.0_D10
Best Detection: 118 mmHg (confidence: 0.820)
Top 10 readings:
  Rank  Pressure    Confidence  
  ------------------------------
  1     118         0.820
  2     113         0.740
  3     109         0.660
  4     104         0.580
  5     100         0.500
  6     96          0.420
  7     144         0.340
  8     92          0.340
  9     138         0.260
  10    87          0.260

Detector: BL_W90_T2.0_D12
Best Detection: 118 mmHg (confidence: 0.820)
Top 10 readings:
  Rank  Pressure    Confidence  
  ------------------------------
  1     118         0.820
  2     113         0.740
  3     109         0.660
  4     104         0.580
  5     100         0.500
  6     96          0.420
  7     144         0.340
  8     92          0.340
  9     138         0.260
  10    87          0.260

Detector: BL_W90_T2.0_D16
Best Detection: 118 mmHg (confidence: 0.820)
Top 10 readings:
  Rank  Pressure    Confidence  
  ------------------------------
  1     118         0.820
  2     113         0.740
  3     109         0.660
  4     104         0.580
  5     100         0.500
  6     96          0.420
  7     144         0.340
  8     142         0.340
  9     92          0.340
  10    138         0.260

Detector: BL_W90_T2.2_D5
Best Detection: 118 mmHg (confidence: 0.420)
Top 10 readings:
  Rank  Pressure    Confidence  
  ------------------------------
  1     118         0.420
  2     113         0.340
  3     108         0.260
  4     87          0.260
  5     157         0.126
  6     151         0.126
  7     135         0.126
  8     104         0.126
  9     83          0.126
  10    79          0.050

Detector: BL_W90_T2.2_D10
Best Detection: 118 mmHg (confidence: 0.420)
Top 10 readings:
  Rank  Pressure    Confidence  
  ------------------------------
  1     118         0.420
  2     113         0.340
  3     108         0.260
  4     87          0.260
  5     135         0.126
  6     104         0.126
  7     83          0.126
  8     79          0.050
  9     144         0.010
  10    132         0.010

Detector: BL_W90_T2.2_D12
Best Detection: 118 mmHg (confidence: 0.420)
Top 10 readings:
  Rank  Pressure    Confidence  
  ------------------------------
  1     118         0.420
  2     113         0.340
  3     108         0.260
  4     87          0.260
  5     135         0.126
  6     104         0.126
  7     83          0.126
  8     79          0.050
  9     144         0.010
  10    132         0.010

Detector: BL_W90_T2.2_D16
Best Detection: 118 mmHg (confidence: 0.420)
Top 10 readings:
  Rank  Pressure    Confidence  
  ------------------------------
  1     118         0.420
  2     113         0.340
  3     108         0.260
  4     87          0.260
  5     135         0.126
  6     104         0.126
  7     83          0.126
  8     79          0.050
  9     144         0.010
  10    142         0.010

Detector: BL_W100_T1.8_D5
Best Detection: 121 mmHg (confidence: 0.900)
Top 10 readings:
  Rank  Pressure    Confidence  
  ------------------------------
  1     121         0.900
  2     118         0.820
  3     113         0.740
  4     109         0.660
  5     105         0.580
  6     100         0.500
  7     151         0.420
  8     96          0.420
  9     152         0.400
  10    144         0.340

Detector: BL_W100_T1.8_D10
Best Detection: 121 mmHg (confidence: 0.900)
Top 10 readings:
  Rank  Pressure    Confidence  
  ------------------------------
  1     121         0.900
  2     118         0.820
  3     113         0.740
  4     109         0.660
  5     105         0.580
  6     100         0.500
  7     96          0.420
  8     144         0.340
  9     142         0.340
  10    92          0.340

Detector: BL_W100_T1.8_D12
Best Detection: 121 mmHg (confidence: 0.900)
Top 10 readings:
  Rank  Pressure    Confidence  
  ------------------------------
  1     121         0.900
  2     118         0.820
  3     113         0.740
  4     109         0.660
  5     105         0.580
  6     100         0.500
  7     96          0.420
  8     144         0.340
  9     142         0.340
  10    92          0.340

Detector: BL_W100_T1.8_D16
Best Detection: 121 mmHg (confidence: 0.900)
Top 10 readings:
  Rank  Pressure    Confidence  
  ------------------------------
  1     121         0.900
  2     118         0.820
  3     113         0.740
  4     109         0.660
  5     105         0.580
  6     100         0.500
  7     96          0.420
  8     144         0.340
  9     142         0.340
  10    92          0.340

Detector: BL_W100_T1.9_D5
Best Detection: 121 mmHg (confidence: 0.900)
Top 10 readings:
  Rank  Pressure    Confidence  
  ------------------------------
  1     121         0.900
  2     118         0.820
  3     113         0.740
  4     109         0.660
  5     104         0.580
  6     100         0.500
  7     151         0.420
  8     96          0.420
  9     152         0.400
  10    144         0.340

Detector: BL_W100_T1.9_D10
Best Detection: 121 mmHg (confidence: 0.900)
Top 10 readings:
  Rank  Pressure    Confidence  
  ------------------------------
  1     121         0.900
  2     118         0.820
  3     113         0.740
  4     109         0.660
  5     104         0.580
  6     100         0.500
  7     96          0.420
  8     144         0.340
  9     142         0.340
  10    92          0.340

Detector: BL_W100_T1.9_D12
Best Detection: 121 mmHg (confidence: 0.900)
Top 10 readings:
  Rank  Pressure    Confidence  
  ------------------------------
  1     121         0.900
  2     118         0.820
  3     113         0.740
  4     109         0.660
  5     104         0.580
  6     100         0.500
  7     96          0.420
  8     144         0.340
  9     142         0.340
  10    92          0.340

Detector: BL_W100_T1.9_D16
Best Detection: 121 mmHg (confidence: 0.900)
Top 10 readings:
  Rank  Pressure    Confidence  
  ------------------------------
  1     121         0.900
  2     118         0.820
  3     113         0.740
  4     109         0.660
  5     104         0.580
  6     100         0.500
  7     96          0.420
  8     144         0.340
  9     142         0.340
  10    92          0.340

Detector: BL_W100_T2.0_D5
Best Detection: 118 mmHg (confidence: 0.820)
Top 10 readings:
  Rank  Pressure    Confidence  
  ------------------------------
  1     118         0.820
  2     113         0.740
  3     109         0.660
  4     104         0.580
  5     100         0.500
  6     151         0.420
  7     96          0.420
  8     152         0.400
  9     144         0.340
  10    142         0.340

Detector: BL_W100_T2.0_D10
Best Detection: 118 mmHg (confidence: 0.820)
Top 10 readings:
  Rank  Pressure    Confidence  
  ------------------------------
  1     118         0.820
  2     113         0.740
  3     109         0.660
  4     104         0.580
  5     100         0.500
  6     96          0.420
  7     144         0.340
  8     142         0.340
  9     92          0.340
  10    139         0.260

Detector: BL_W100_T2.0_D12
Best Detection: 118 mmHg (confidence: 0.820)
Top 10 readings:
  Rank  Pressure    Confidence  
  ------------------------------
  1     118         0.820
  2     113         0.740
  3     109         0.660
  4     104         0.580
  5     100         0.500
  6     96          0.420
  7     144         0.340
  8     142         0.340
  9     92          0.340
  10    139         0.260

Detector: BL_W100_T2.0_D16
Best Detection: 118 mmHg (confidence: 0.820)
Top 10 readings:
  Rank  Pressure    Confidence  
  ------------------------------
  1     118         0.820
  2     113         0.740
  3     109         0.660
  4     104         0.580
  5     100         0.500
  6     96          0.420
  7     144         0.340
  8     142         0.340
  9     92          0.340
  10    139         0.260

Detector: BL_W100_T2.2_D5
Best Detection: 151 mmHg (confidence: 0.420)
Top 10 readings:
  Rank  Pressure    Confidence  
  ------------------------------
  1     151         0.420
  2     152         0.400
  3     144         0.340
  4     142         0.340
  5     108         0.340
  6     138         0.260
  7     104         0.260
  8     87          0.260
  9     135         0.126
  10    100         0.126

Detector: BL_W100_T2.2_D10
Best Detection: 144 mmHg (confidence: 0.340)
Top 10 readings:
  Rank  Pressure    Confidence  
  ------------------------------
  1     144         0.340
  2     108         0.340
  3     138         0.260
  4     104         0.260
  5     87          0.260
  6     135         0.126
  7     100         0.126
  8     83          0.126
  9     79          0.050
  10    132         0.010

Detector: BL_W100_T2.2_D12
Best Detection: 144 mmHg (confidence: 0.340)
Top 10 readings:
  Rank  Pressure    Confidence  
  ------------------------------
  1     144         0.340
  2     142         0.340
  3     108         0.340
  4     138         0.260
  5     104         0.260
  6     87          0.260
  7     135         0.126
  8     100         0.126
  9     83          0.126
  10    79          0.050

Detector: BL_W100_T2.2_D16
Best Detection: 144 mmHg (confidence: 0.340)
Top 10 readings:
  Rank  Pressure    Confidence  
  ------------------------------
  1     144         0.340
  2     142         0.340
  3     108         0.340
  4     139         0.260
  5     104         0.260
  6     87          0.260
  7     135         0.126
  8     100         0.126
  9     83          0.126
  10    79          0.050

Detector: BL_W110_T2.0_D12
Best Detection: 121 mmHg (confidence: 0.900)
Top 10 readings:
  Rank  Pressure    Confidence  
  ------------------------------
  1     121         0.900
  2     118         0.820
  3     113         0.740
  4     109         0.660
  5     104         0.580
  6     100         0.500
  7     96          0.420
  8     144         0.340
  9     142         0.340
  10    92          0.340

Detector: BL_W110_T2.0_D18
Best Detection: 121 mmHg (confidence: 0.900)
Top 10 readings:
  Rank  Pressure    Confidence  
  ------------------------------
  1     121         0.900
  2     118         0.820
  3     113         0.740
  4     109         0.660
  5     104         0.580
  6     100         0.500
  7     96          0.420
  8     144         0.340
  9     142         0.340
  10    92          0.340

Detector: BL_W110_T2.4_D12
Best Detection: 108 mmHg (confidence: 0.260)
Top 10 readings:
  Rank  Pressure    Confidence  
  ------------------------------
  1     108         0.260
  2     135         0.126
  3     104         0.126
  4     87          0.126
  5     83          0.050
  6     144         0.010
  7     142         0.010
  8     132         0.010
  9     128         0.010
  10    118         0.010

Detector: BL_W110_T2.4_D18
Best Detection: 144 mmHg (confidence: 0.340)
Top 10 readings:
  Rank  Pressure    Confidence  
  ------------------------------
  1     144         0.340
  2     142         0.340
  3     139         0.260
  4     108         0.260
  5     135         0.126
  6     104         0.126
  7     87          0.126
  8     83          0.050
  9     132         0.010
  10    128         0.010

Detector: BL_W110_T2.8_D12
Best Detection: 134 mmHg (confidence: 0.126)
Top 10 readings:
  Rank  Pressure    Confidence  
  ------------------------------
  1     134         0.126
  2     132         0.050
  3     144         0.010
  4     142         0.010

Detector: BL_W110_T2.8_D18
Best Detection: 144 mmHg (confidence: 0.340)
Top 10 readings:
  Rank  Pressure    Confidence  
  ------------------------------
  1     144         0.340
  2     142         0.340
  3     139         0.260
  4     134         0.126
  5     132         0.050

Detector: BL_W110_T3.3_D12
Best Detection: 134 mmHg (confidence: 0.126)
Top 10 readings:
  Rank  Pressure    Confidence  
  ------------------------------
  1     134         0.126
  2     132         0.050
  3     144         0.010
  4     142         0.010

Detector: BL_W110_T3.3_D18
Best Detection: 144 mmHg (confidence: 0.340)
Top 10 readings:
  Rank  Pressure    Confidence  
  ------------------------------
  1     144         0.340
  2     142         0.340
  3     139         0.260
  4     134         0.126
  5     132         0.050

Detector: BL_W120_T2.0_D12
Best Detection: 121 mmHg (confidence: 0.900)
Top 10 readings:
  Rank  Pressure    Confidence  
  ------------------------------
  1     121         0.900
  2     118         0.820
  3     113         0.740
  4     109         0.660
  5     104         0.580
  6     100         0.500
  7     96          0.420
  8     144         0.340
  9     142         0.340
  10    92          0.340

Detector: BL_W120_T2.0_D18
Best Detection: 121 mmHg (confidence: 0.900)
Top 10 readings:
  Rank  Pressure    Confidence  
  ------------------------------
  1     121         0.900
  2     118         0.820
  3     113         0.740
  4     109         0.660
  5     104         0.580
  6     100         0.500
  7     96          0.420
  8     144         0.340
  9     142         0.340
  10    92          0.340

Detector: BL_W120_T2.4_D12
Best Detection: 144 mmHg (confidence: 0.340)
Top 10 readings:
  Rank  Pressure    Confidence  
  ------------------------------
  1     144         0.340
  2     142         0.340
  3     138         0.260
  4     108         0.260
  5     87          0.260
  6     135         0.126
  7     104         0.126
  8     83          0.126
  9     79          0.050
  10    132         0.010

Detector: BL_W120_T2.4_D18
Best Detection: 144 mmHg (confidence: 0.340)
Top 10 readings:
  Rank  Pressure    Confidence  
  ------------------------------
  1     144         0.340
  2     142         0.340
  3     139         0.260
  4     108         0.260
  5     87          0.260
  6     135         0.126
  7     104         0.126
  8     83          0.126
  9     79          0.050
  10    132         0.010

Detector: BL_W120_T2.8_D12
Best Detection: 134 mmHg (confidence: 0.126)
Top 10 readings:
  Rank  Pressure    Confidence  
  ------------------------------
  1     134         0.126
  2     132         0.050
  3     144         0.010
  4     142         0.010

Detector: BL_W120_T2.8_D18
Best Detection: 144 mmHg (confidence: 0.340)
Top 10 readings:
  Rank  Pressure    Confidence  
  ------------------------------
  1     144         0.340
  2     142         0.340
  3     139         0.260
  4     134         0.126
  5     132         0.050

Detector: BL_W120_T3.3_D12
Best Detection: 134 mmHg (confidence: 0.126)
Top 10 readings:
  Rank  Pressure    Confidence  
  ------------------------------
  1     134         0.126
  2     132         0.050
  3     144         0.010
  4     142         0.010

Detector: BL_W120_T3.3_D18
Best Detection: 144 mmHg (confidence: 0.340)
Top 10 readings:
  Rank  Pressure    Confidence  
  ------------------------------
  1     144         0.340
  2     142         0.340
  3     139         0.260
  4     134         0.126
  5     132         0.050

Detector: BL_W130_T2.0_D12
Best Detection: 144 mmHg (confidence: 1.200)
Top 10 readings:
  Rank  Pressure    Confidence  
  ------------------------------
  1     144         1.200
  2     142         1.200
  3     139         1.200
  4     135         1.140
  5     132         1.140
  6     132         1.060
  7     128         1.060
  8     125         0.980
  9     121         0.900
  10    118         0.820

Detector: BL_W130_T2.0_D18
Best Detection: 144 mmHg (confidence: 1.200)
Top 10 readings:
  Rank  Pressure    Confidence  
  ------------------------------
  1     144         1.200
  2     142         1.200
  3     139         1.200
  4     135         1.140
  5     132         1.140
  6     132         1.060
  7     128         1.060
  8     125         0.980
  9     121         0.900
  10    118         0.820

Detector: BL_W130_T2.4_D12
Best Detection: 144 mmHg (confidence: 0.340)
Top 10 readings:
  Rank  Pressure    Confidence  
  ------------------------------
  1     144         0.340
  2     142         0.340
  3     138         0.260
  4     135         0.126
  5     104         0.126
  6     87          0.126
  7     83          0.050
  8     132         0.010
  9     128         0.010
  10    118         0.010

Detector: BL_W130_T2.4_D18
Best Detection: 144 mmHg (confidence: 0.340)
Top 10 readings:
  Rank  Pressure    Confidence  
  ------------------------------
  1     144         0.340
  2     142         0.340
  3     139         0.260
  4     135         0.126
  5     104         0.126
  6     87          0.126
  7     83          0.050
  8     132         0.010
  9     128         0.010
  10    118         0.010

Detector: BL_W130_T2.8_D12
Best Detection: 135 mmHg (confidence: 0.126)
Top 10 readings:
  Rank  Pressure    Confidence  
  ------------------------------
  1     135         0.126
  2     132         0.050
  3     144         0.010
  4     142         0.010

Detector: BL_W130_T2.8_D18
Best Detection: 144 mmHg (confidence: 0.340)
Top 10 readings:
  Rank  Pressure    Confidence  
  ------------------------------
  1     144         0.340
  2     142         0.340
  3     139         0.260
  4     135         0.126
  5     132         0.050

Detector: BL_W130_T3.3_D12
Best Detection: 134 mmHg (confidence: 0.126)
Top 10 readings:
  Rank  Pressure    Confidence  
  ------------------------------
  1     134         0.126
  2     132         0.050
  3     144         0.010
  4     142         0.010

Detector: BL_W130_T3.3_D18
Best Detection: 144 mmHg (confidence: 0.340)
Top 10 readings:
  Rank  Pressure    Confidence  
  ------------------------------
  1     144         0.340
  2     142         0.340
  3     139         0.260
  4     134         0.126
  5     132         0.050

Detector: BL_W140_T2.0_D12
Best Detection: 144 mmHg (confidence: 1.200)
Top 10 readings:
  Rank  Pressure    Confidence  
  ------------------------------
  1     144         1.200
  2     142         1.200
  3     139         1.200
  4     135         1.140
  5     132         1.140
  6     132         1.060
  7     128         1.060
  8     125         0.980
  9     121         0.900
  10    118         0.820

Detector: BL_W140_T2.0_D18
Best Detection: 144 mmHg (confidence: 1.200)
Top 10 readings:
  Rank  Pressure    Confidence  
  ------------------------------
  1     144         1.200
  2     142         1.200
  3     139         1.200
  4     135         1.140
  5     133         1.140
  6     132         1.060
  7     128         1.060
  8     125         0.980
  9     121         0.900
  10    118         0.820

Detector: BL_W140_T2.4_D12
Best Detection: 144 mmHg (confidence: 0.340)
Top 10 readings:
  Rank  Pressure    Confidence  
  ------------------------------
  1     144         0.340
  2     142         0.340
  3     139         0.260
  4     87          0.260
  5     135         0.126
  6     104         0.126
  7     83          0.126
  8     79          0.050
  9     132         0.010
  10    128         0.010

Detector: BL_W140_T2.4_D18
Best Detection: 144 mmHg (confidence: 0.340)
Top 10 readings:
  Rank  Pressure    Confidence  
  ------------------------------
  1     144         0.340
  2     142         0.340
  3     139         0.260
  4     87          0.260
  5     135         0.126
  6     133         0.126
  7     104         0.126
  8     83          0.126
  9     79          0.050
  10    132         0.010

Detector: BL_W140_T2.8_D12
Best Detection: 135 mmHg (confidence: 0.126)
Top 10 readings:
  Rank  Pressure    Confidence  
  ------------------------------
  1     135         0.126
  2     104         0.126
  3     99          0.050
  4     144         0.010
  5     142         0.010
  6     132         0.010
  7     128         0.010
  8     117         0.010

Detector: BL_W140_T2.8_D18
Best Detection: 144 mmHg (confidence: 0.340)
Top 10 readings:
  Rank  Pressure    Confidence  
  ------------------------------
  1     144         0.340
  2     142         0.340
  3     139         0.260
  4     135         0.126
  5     104         0.126
  6     99          0.050
  7     132         0.010
  8     128         0.010
  9     117         0.010

Detector: BL_W140_T3.3_D12
Best Detection: 134 mmHg (confidence: 0.126)
Top 10 readings:
  Rank  Pressure    Confidence  
  ------------------------------
  1     134         0.126
  2     132         0.050
  3     144         0.010
  4     142         0.010

Detector: BL_W140_T3.3_D18
Best Detection: 144 mmHg (confidence: 0.340)
Top 10 readings:
  Rank  Pressure    Confidence  
  ------------------------------
  1     144         0.340
  2     142         0.340
  3     139         0.260
  4     135         0.126
  5     132         0.050

Detector: BL_W150_T2.0_D12
Best Detection: 144 mmHg (confidence: 1.200)
Top 10 readings:
  Rank  Pressure    Confidence  
  ------------------------------
  1     144         1.200
  2     142         1.200
  3     139         1.200
  4     135         1.140
  5     132         1.140
  6     132         1.060
  7     128         1.060
  8     125         0.980
  9     121         0.900
  10    118         0.820

Detector: BL_W150_T2.0_D18
Best Detection: 144 mmHg (confidence: 1.200)
Top 10 readings:
  Rank  Pressure    Confidence  
  ------------------------------
  1     144         1.200
  2     142         1.200
  3     139         1.200
  4     135         1.140
  5     133         1.140
  6     132         1.060
  7     128         1.060
  8     125         0.980
  9     121         0.900
  10    118         0.820

Detector: BL_W150_T2.4_D12
Best Detection: 144 mmHg (confidence: 0.340)
Top 10 readings:
  Rank  Pressure    Confidence  
  ------------------------------
  1     144         0.340
  2     142         0.340
  3     139         0.260
  4     108         0.260
  5     87          0.260
  6     135         0.126
  7     104         0.126
  8     83          0.126
  9     79          0.050
  10    132         0.010

Detector: BL_W150_T2.4_D18
Best Detection: 144 mmHg (confidence: 0.340)
Top 10 readings:
  Rank  Pressure    Confidence  
  ------------------------------
  1     144         0.340
  2     142         0.340
  3     139         0.260
  4     108         0.260
  5     87          0.260
  6     135         0.126
  7     133         0.126
  8     104         0.126
  9     83          0.126
  10    79          0.050

Detector: BL_W150_T2.8_D12
Best Detection: 135 mmHg (confidence: 0.126)
Top 10 readings:
  Rank  Pressure    Confidence  
  ------------------------------
  1     135         0.126
  2     104         0.126
  3     99          0.050
  4     144         0.010
  5     142         0.010
  6     132         0.010
  7     128         0.010
  8     117         0.010

Detector: BL_W150_T2.8_D18
Best Detection: 144 mmHg (confidence: 0.340)
Top 10 readings:
  Rank  Pressure    Confidence  
  ------------------------------
  1     144         0.340
  2     142         0.340
  3     139         0.260
  4     135         0.126
  5     133         0.126
  6     104         0.126
  7     99          0.050
  8     132         0.010
  9     128         0.010
  10    117         0.010

Detector: BL_W150_T3.3_D12
Best Detection: 134 mmHg (confidence: 0.126)
Top 10 readings:
  Rank  Pressure    Confidence  
  ------------------------------
  1     134         0.126
  2     132         0.050
  3     144         0.010
  4     142         0.010

Detector: BL_W150_T3.3_D18
Best Detection: 144 mmHg (confidence: 0.340)
Top 10 readings:
  Rank  Pressure    Confidence  
  ------------------------------
  1     144         0.340
  2     142         0.340
  3     139         0.260
  4     135         0.126
  5     132         0.050

Detector: BL_W20_T1.6_D12
Best Detection: 144 mmHg (confidence: 1.200)
Top 10 readings:
  Rank  Pressure    Confidence  
  ------------------------------
  1     144         1.200
  2     139         1.200
  3     135         1.140
  4     132         1.060
  5     125         0.980
  6     123         0.900
  7     120         0.820
  8     114         0.740
  9     110         0.660
  10    106         0.580

Detector: BL_W20_T1.6_D15
Best Detection: 144 mmHg (confidence: 1.200)
Top 10 readings:
  Rank  Pressure    Confidence  
  ------------------------------
  1     144         1.200
  2     139         1.200
  3     135         1.140
  4     132         1.060
  5     125         0.980
  6     123         0.900
  7     120         0.820
  8     114         0.740
  9     110         0.660
  10    106         0.580

Detector: BL_W20_T1.8_D12
Best Detection: 144 mmHg (confidence: 1.200)
Top 10 readings:
  Rank  Pressure    Confidence  
  ------------------------------
  1     144         1.200
  2     139         1.200
  3     135         1.140
  4     132         1.060
  5     125         0.980
  6     123         0.900
  7     120         0.820
  8     114         0.740
  9     110         0.660
  10    106         0.580

Detector: BL_W20_T1.8_D15
Best Detection: 144 mmHg (confidence: 1.200)
Top 10 readings:
  Rank  Pressure    Confidence  
  ------------------------------
  1     144         1.200
  2     139         1.200
  3     135         1.140
  4     132         1.060
  5     125         0.980
  6     123         0.900
  7     120         0.820
  8     114         0.740
  9     110         0.660
  10    106         0.580

Detector: BL_W20_T2.0_D12
Best Detection: 122 mmHg (confidence: 0.900)
Top 10 readings:
  Rank  Pressure    Confidence  
  ------------------------------
  1     122         0.900
  2     119         0.820
  3     114         0.740
  4     110         0.660
  5     106         0.580
  6     101         0.500
  7     97          0.420
  8     92          0.340
  9     88          0.260
  10    135         0.126

Detector: BL_W20_T2.0_D15
Best Detection: 122 mmHg (confidence: 0.900)
Top 10 readings:
  Rank  Pressure    Confidence  
  ------------------------------
  1     122         0.900
  2     119         0.820
  3     114         0.740
  4     110         0.660
  5     106         0.580
  6     101         0.500
  7     97          0.420
  8     92          0.340
  9     88          0.260
  10    135         0.126

Detector: BL_W30_T1.6_D12
Best Detection: 109 mmHg (confidence: 0.660)
Top 10 readings:
  Rank  Pressure    Confidence  
  ------------------------------
  1     109         0.660
  2     104         0.580
  3     100         0.500
  4     96          0.420
  5     92          0.340
  6     87          0.260
  7     135         0.126
  8     122         0.126
  9     83          0.126
  10    79          0.050

Detector: BL_W30_T1.6_D15
Best Detection: 109 mmHg (confidence: 0.660)
Top 10 readings:
  Rank  Pressure    Confidence  
  ------------------------------
  1     109         0.660
  2     104         0.580
  3     100         0.500
  4     96          0.420
  5     92          0.340
  6     87          0.260
  7     135         0.126
  8     122         0.126
  9     83          0.126
  10    79          0.050

Detector: BL_W30_T1.8_D12
Best Detection: 108 mmHg (confidence: 0.260)
Top 10 readings:
  Rank  Pressure    Confidence  
  ------------------------------
  1     108         0.260
  2     135         0.126
  3     122         0.126
  4     104         0.126
  5     92          0.126
  6     87          0.050
  7     186         0.010
  8     144         0.010
  9     132         0.010
  10    118         0.010

Detector: BL_W30_T1.8_D15
Best Detection: 108 mmHg (confidence: 0.260)
Top 10 readings:
  Rank  Pressure    Confidence  
  ------------------------------
  1     108         0.260
  2     135         0.126
  3     122         0.126
  4     104         0.126
  5     92          0.126
  6     87          0.050
  7     186         0.010
  8     144         0.010
  9     132         0.010
  10    118         0.010

Detector: BL_W30_T2.0_D12
Best Detection: 135 mmHg (confidence: 0.126)
Top 10 readings:
  Rank  Pressure    Confidence  
  ------------------------------
  1     135         0.126
  2     87          0.050
  3     186         0.010
  4     144         0.010
  5     132         0.010
  6     118         0.010
  7     104         0.010

Detector: BL_W30_T2.0_D15
Best Detection: 135 mmHg (confidence: 0.126)
Top 10 readings:
  Rank  Pressure    Confidence  
  ------------------------------
  1     135         0.126
  2     87          0.050
  3     186         0.010
  4     144         0.010
  5     132         0.010
  6     118         0.010
  7     104         0.010

Detector: BL_W40_T1.6_D12
Best Detection: 122 mmHg (confidence: 0.900)
Top 10 readings:
  Rank  Pressure    Confidence  
  ------------------------------
  1     122         0.900
  2     119         0.820
  3     113         0.740
  4     109         0.660
  5     105         0.580
  6     100         0.500
  7     96          0.420
  8     92          0.340
  9     88          0.260
  10    135         0.126

Detector: BL_W40_T1.6_D15
Best Detection: 122 mmHg (confidence: 0.900)
Top 10 readings:
  Rank  Pressure    Confidence  
  ------------------------------
  1     122         0.900
  2     119         0.820
  3     113         0.740
  4     109         0.660
  5     105         0.580
  6     100         0.500
  7     96          0.420
  8     92          0.340
  9     88          0.260
  10    135         0.126

Detector: BL_W40_T1.8_D12
Best Detection: 122 mmHg (confidence: 0.900)
Top 10 readings:
  Rank  Pressure    Confidence  
  ------------------------------
  1     122         0.900
  2     118         0.820
  3     113         0.740
  4     109         0.660
  5     105         0.580
  6     100         0.500
  7     96          0.420
  8     92          0.340
  9     88          0.260
  10    135         0.126

Detector: BL_W40_T1.8_D15
Best Detection: 122 mmHg (confidence: 0.900)
Top 10 readings:
  Rank  Pressure    Confidence  
  ------------------------------
  1     122         0.900
  2     118         0.820
  3     113         0.740
  4     109         0.660
  5     105         0.580
  6     100         0.500
  7     96          0.420
  8     92          0.340
  9     88          0.260
  10    135         0.126

Detector: BL_W40_T2.0_D12
Best Detection: 109 mmHg (confidence: 0.260)
Top 10 readings:
  Rank  Pressure    Confidence  
  ------------------------------
  1     109         0.260
  2     92          0.260
  3     135         0.126
  4     122         0.126
  5     104         0.126
  6     87          0.126
  7     83          0.050
  8     144         0.010
  9     132         0.010
  10    118         0.010

Detector: BL_W40_T2.0_D15
Best Detection: 109 mmHg (confidence: 0.260)
Top 10 readings:
  Rank  Pressure    Confidence  
  ------------------------------
  1     109         0.260
  2     92          0.260
  3     135         0.126
  4     122         0.126
  5     104         0.126
  6     87          0.126
  7     83          0.050
  8     144         0.010
  9     132         0.010
  10    118         0.010

Detector: BL_W50_T1.6_D12
Best Detection: 121 mmHg (confidence: 0.900)
Top 10 readings:
  Rank  Pressure    Confidence  
  ------------------------------
  1     121         0.900
  2     118         0.820
  3     113         0.740
  4     109         0.660
  5     105         0.580
  6     100         0.500
  7     96          0.420
  8     92          0.340
  9     87          0.260
  10    135         0.126

Detector: BL_W50_T1.6_D15
Best Detection: 121 mmHg (confidence: 0.900)
Top 10 readings:
  Rank  Pressure    Confidence  
  ------------------------------
  1     121         0.900
  2     118         0.820
  3     113         0.740
  4     109         0.660
  5     105         0.580
  6     100         0.500
  7     96          0.420
  8     92          0.340
  9     87          0.260
  10    135         0.126

Detector: BL_W50_T1.8_D12
Best Detection: 118 mmHg (confidence: 0.820)
Top 10 readings:
  Rank  Pressure    Confidence  
  ------------------------------
  1     118         0.820
  2     113         0.740
  3     109         0.660
  4     104         0.580
  5     100         0.500
  6     96          0.420
  7     92          0.340
  8     87          0.260
  9     134         0.126
  10    83          0.126

Detector: BL_W50_T1.8_D15
Best Detection: 118 mmHg (confidence: 0.820)
Top 10 readings:
  Rank  Pressure    Confidence  
  ------------------------------
  1     118         0.820
  2     113         0.740
  3     109         0.660
  4     104         0.580
  5     100         0.500
  6     96          0.420
  7     92          0.340
  8     87          0.260
  9     134         0.126
  10    83          0.126

Detector: BL_W50_T2.0_D12
Best Detection: 118 mmHg (confidence: 0.820)
Top 10 readings:
  Rank  Pressure    Confidence  
  ------------------------------
  1     118         0.820
  2     113         0.740
  3     108         0.660
  4     104         0.580
  5     100         0.500
  6     96          0.420
  7     92          0.340
  8     87          0.260
  9     134         0.126
  10    83          0.126

Detector: BL_W50_T2.0_D15
Best Detection: 118 mmHg (confidence: 0.820)
Top 10 readings:
  Rank  Pressure    Confidence  
  ------------------------------
  1     118         0.820
  2     113         0.740
  3     108         0.660
  4     104         0.580
  5     100         0.500
  6     96          0.420
  7     92          0.340
  8     87          0.260
  9     134         0.126
  10    83          0.126

